{
 "cells": [
  {
   "cell_type": "code",
   "execution_count": 1,
   "id": "6f2c2822-b428-4196-bb30-17dac97263e6",
   "metadata": {},
   "outputs": [],
   "source": [
    "#importing necessary libraries \n",
    "import numpy as np\n",
    "import pandas as pd\n",
    "import os\n",
    "from datetime import datetime, timedelta\n",
    "import matplotlib.pyplot as plt\n",
    "import alpaca_trade_api as tradeapi\n",
    "import yfinance as yf\n",
    "from urllib.parse import quote\n",
    "import seaborn as sns #library not from class\n",
    "%matplotlib inline\n",
    "from scipy.optimize import minimize\n",
    "import mplcursors"
   ]
  },
  {
   "cell_type": "code",
   "execution_count": 2,
   "id": "cca085cb-8f52-435b-af02-c416407f43c5",
   "metadata": {},
   "outputs": [
    {
     "data": {
      "text/plain": [
       "True"
      ]
     },
     "execution_count": 2,
     "metadata": {},
     "output_type": "execute_result"
    }
   ],
   "source": [
    "#Load .env environment variables\n",
    "from dotenv import load_dotenv\n",
    "load_dotenv()\n"
   ]
  },
  {
   "cell_type": "code",
   "execution_count": 3,
   "id": "56825116-655f-4f55-b6f3-81aefa2c9a5e",
   "metadata": {},
   "outputs": [],
   "source": [
    "# Set a random seed for reproducibility\n",
    "np.random.seed(42)"
   ]
  },
  {
   "cell_type": "code",
   "execution_count": 4,
   "id": "5f29a1d5-301c-4906-a1d0-a0fc5e7dab0c",
   "metadata": {},
   "outputs": [],
   "source": [
    "# Set Alpaca API key and secret\n",
    "APCA_API_KEY_ID = os.getenv(\"APCA_API_KEY\")\n",
    "APCA_API_SECRET_KEY = os.getenv(\"APCA_SECRET_KEY\")\n",
    "ALPACA_ENDPOINT_KEY = os.getenv(\"ALPACA_END_POINT\")\n",
    "\n",
    "#ensuring api keys are correct \n",
    "#print(os.getenv(\"APCA_API_KEY_ID\"))\n",
    "#print(os.getenv(\"APCA_API_SECRET_KEY\"))\n",
    "#print(os.getenv(\"ALPACA_ENDPOINT_KEY\"))\n",
    "\n",
    "# Create the Alpaca API object\n",
    "alpaca = tradeapi.REST(APCA_API_KEY_ID, APCA_API_SECRET_KEY, api_version=\"v2\",base_url= ALPACA_ENDPOINT_KEY)"
   ]
  },
  {
   "cell_type": "markdown",
   "id": "25c499e0-7c41-4450-8010-d58a446409c5",
   "metadata": {},
   "source": [
    "## Part 1 - Portfolio Optimization \n"
   ]
  },
  {
   "cell_type": "code",
   "execution_count": 5,
   "id": "432c91f0-8e13-4f25-830f-f38fad7018f6",
   "metadata": {},
   "outputs": [
    {
     "name": "stdout",
     "output_type": "stream",
     "text": [
      "The initial investment is: $1000\n",
      "The selected stocks are: ['AAPL', 'AMZN', 'MSFT']\n",
      "The start date is: 2020-11-08\n",
      "The start date is: 2020-11-08\n",
      "The number of monte carlo simulations is: 500\n"
     ]
    }
   ],
   "source": [
    "#initializing variables\n",
    "initial_investment = 1000\n",
    "print(f'The initial investment is: ${initial_investment}')\n",
    "\n",
    "stock_tickers = ['AAPL', 'AMZN', 'MSFT'] \n",
    "ticker_string = ', '.join(stock_tickers)\n",
    "print(f'The selected stocks are: {stock_tickers}')\n",
    "\n",
    "start_date = '2020-11-08'  # Set your desired start date\n",
    "print(f'The start date is: {start_date}')\n",
    "\n",
    "end_date = '2023-11-08'  # Set your desired start date\n",
    "print(f'The start date is: {start_date}')\n",
    "\n",
    "num_sims = 500 \n",
    "print(f'The number of monte carlo simulations is: {num_sims}')\n",
    "\n",
    "num_years = 3"
   ]
  },
  {
   "cell_type": "markdown",
   "id": "68eb5088-3638-4037-b357-0a77f71c2606",
   "metadata": {},
   "source": [
    "### Import S&P500 Data From Alpacas and Display Closing Prices From Chosen Stocks"
   ]
  },
  {
   "cell_type": "code",
   "execution_count": 6,
   "id": "5f77af5b-77d2-49a5-8252-fea9f77b5deb",
   "metadata": {},
   "outputs": [
    {
     "data": {
      "text/html": [
       "<div>\n",
       "<style scoped>\n",
       "    .dataframe tbody tr th:only-of-type {\n",
       "        vertical-align: middle;\n",
       "    }\n",
       "\n",
       "    .dataframe tbody tr th {\n",
       "        vertical-align: top;\n",
       "    }\n",
       "\n",
       "    .dataframe thead th {\n",
       "        text-align: right;\n",
       "    }\n",
       "</style>\n",
       "<table border=\"1\" class=\"dataframe\">\n",
       "  <thead>\n",
       "    <tr style=\"text-align: right;\">\n",
       "      <th></th>\n",
       "      <th>AAPL</th>\n",
       "      <th>AMZN</th>\n",
       "      <th>MSFT</th>\n",
       "    </tr>\n",
       "  </thead>\n",
       "  <tbody>\n",
       "    <tr>\n",
       "      <th>2020-11-09 05:00:00+00:00</th>\n",
       "      <td>116.32</td>\n",
       "      <td>3143.74</td>\n",
       "      <td>218.39</td>\n",
       "    </tr>\n",
       "    <tr>\n",
       "      <th>2020-11-10 05:00:00+00:00</th>\n",
       "      <td>116.00</td>\n",
       "      <td>3035.02</td>\n",
       "      <td>211.01</td>\n",
       "    </tr>\n",
       "    <tr>\n",
       "      <th>2020-11-11 05:00:00+00:00</th>\n",
       "      <td>119.49</td>\n",
       "      <td>3137.39</td>\n",
       "      <td>216.55</td>\n",
       "    </tr>\n",
       "    <tr>\n",
       "      <th>2020-11-12 05:00:00+00:00</th>\n",
       "      <td>119.21</td>\n",
       "      <td>3110.28</td>\n",
       "      <td>215.44</td>\n",
       "    </tr>\n",
       "    <tr>\n",
       "      <th>2020-11-13 05:00:00+00:00</th>\n",
       "      <td>119.26</td>\n",
       "      <td>3128.81</td>\n",
       "      <td>216.51</td>\n",
       "    </tr>\n",
       "    <tr>\n",
       "      <th>...</th>\n",
       "      <td>...</td>\n",
       "      <td>...</td>\n",
       "      <td>...</td>\n",
       "    </tr>\n",
       "    <tr>\n",
       "      <th>2023-11-02 04:00:00+00:00</th>\n",
       "      <td>177.57</td>\n",
       "      <td>138.07</td>\n",
       "      <td>348.32</td>\n",
       "    </tr>\n",
       "    <tr>\n",
       "      <th>2023-11-03 04:00:00+00:00</th>\n",
       "      <td>176.65</td>\n",
       "      <td>138.60</td>\n",
       "      <td>352.80</td>\n",
       "    </tr>\n",
       "    <tr>\n",
       "      <th>2023-11-06 05:00:00+00:00</th>\n",
       "      <td>179.23</td>\n",
       "      <td>139.74</td>\n",
       "      <td>356.53</td>\n",
       "    </tr>\n",
       "    <tr>\n",
       "      <th>2023-11-07 05:00:00+00:00</th>\n",
       "      <td>181.82</td>\n",
       "      <td>142.71</td>\n",
       "      <td>360.53</td>\n",
       "    </tr>\n",
       "    <tr>\n",
       "      <th>2023-11-08 05:00:00+00:00</th>\n",
       "      <td>182.89</td>\n",
       "      <td>142.08</td>\n",
       "      <td>363.20</td>\n",
       "    </tr>\n",
       "  </tbody>\n",
       "</table>\n",
       "<p>755 rows × 3 columns</p>\n",
       "</div>"
      ],
      "text/plain": [
       "                             AAPL     AMZN    MSFT\n",
       "2020-11-09 05:00:00+00:00  116.32  3143.74  218.39\n",
       "2020-11-10 05:00:00+00:00  116.00  3035.02  211.01\n",
       "2020-11-11 05:00:00+00:00  119.49  3137.39  216.55\n",
       "2020-11-12 05:00:00+00:00  119.21  3110.28  215.44\n",
       "2020-11-13 05:00:00+00:00  119.26  3128.81  216.51\n",
       "...                           ...      ...     ...\n",
       "2023-11-02 04:00:00+00:00  177.57   138.07  348.32\n",
       "2023-11-03 04:00:00+00:00  176.65   138.60  352.80\n",
       "2023-11-06 05:00:00+00:00  179.23   139.74  356.53\n",
       "2023-11-07 05:00:00+00:00  181.82   142.71  360.53\n",
       "2023-11-08 05:00:00+00:00  182.89   142.08  363.20\n",
       "\n",
       "[755 rows x 3 columns]"
      ]
     },
     "execution_count": 6,
     "metadata": {},
     "output_type": "execute_result"
    }
   ],
   "source": [
    "from urllib.parse import quote\n",
    "\n",
    "# Importing SP500 \n",
    "spy = [\"SPY\"]\n",
    "\n",
    "# Define the list of stock tickers, excluding SP500 initially\n",
    "tickersList = stock_tickers + ['SPY']\n",
    "\n",
    "# Set timeframe to '1D'\n",
    "timeframe = '1D'\n",
    "\n",
    "# Convert start_date and end_date to ISO format with New York timezone\n",
    "start_date = pd.Timestamp(start_date, tz='America/New_York').isoformat()\n",
    "end_date = pd.Timestamp(end_date, tz='America/New_York').isoformat()\n",
    "\n",
    "# Create an empty DataFrame to store the results for tickers\n",
    "df_combined_tickers = pd.DataFrame()\n",
    "\n",
    "# Make the request to Alpaca API for each ticker\n",
    "for ticker in tickersList:\n",
    "    # Convert the ticker to URL-encoded format\n",
    "    ticker_encoded = quote(ticker)\n",
    "    \n",
    "    # Make the request to Alpaca API to get bars data\n",
    "    df_ticker = alpaca.get_bars(ticker_encoded, timeframe, limit=None, start=start_date, end=end_date).df\n",
    "    \n",
    "    # Select only the 'close' column and assign the new column name with the ticker symbol for clarity purposes\n",
    "    df_ticker = df_ticker['close'].rename(ticker)\n",
    "    \n",
    "    # Combine the results\n",
    "    df_combined_tickers = pd.concat([df_combined_tickers, df_ticker], axis=1)\n",
    "    \n",
    "spyDF = df_combined_tickers['SPY']\n",
    "df_combined_tickers.drop(columns='SPY',inplace=True)\n",
    "\n",
    "# Display the results (closing prices for chosen tickers)\n",
    "df_combined_tickers"
   ]
  },
  {
   "cell_type": "markdown",
   "id": "38323bb1-111d-4183-8921-30e71b45076f",
   "metadata": {},
   "source": [
    "### Calculate Daily Return, Mean, Standard Deviation, and Last Day Closing Prices for selected tickers and SP500"
   ]
  },
  {
   "cell_type": "code",
   "execution_count": 7,
   "id": "3eafe8e3-9f11-4827-a2bd-670b128dc2dc",
   "metadata": {},
   "outputs": [
    {
     "name": "stdout",
     "output_type": "stream",
     "text": [
      "\n",
      "Daily Returns for Chosen Stocks:\n",
      "                               AAPL      AMZN      MSFT\n",
      "2020-11-10 05:00:00+00:00 -0.002751 -0.034583 -0.033793\n",
      "2020-11-11 05:00:00+00:00  0.030086  0.033730  0.026255\n",
      "2020-11-12 05:00:00+00:00 -0.002343 -0.008641 -0.005126\n",
      "2020-11-13 05:00:00+00:00  0.000419  0.005958  0.004967\n",
      "2020-11-16 05:00:00+00:00  0.008720  0.000719  0.003325\n",
      "...                             ...       ...       ...\n",
      "2023-11-02 04:00:00+00:00  0.020693  0.007810  0.006502\n",
      "2023-11-03 04:00:00+00:00 -0.005181  0.003839  0.012862\n",
      "2023-11-06 05:00:00+00:00  0.014605  0.008225  0.010573\n",
      "2023-11-07 05:00:00+00:00  0.014451  0.021254  0.011219\n",
      "2023-11-08 05:00:00+00:00  0.005885 -0.004415  0.007406\n",
      "\n",
      "[754 rows x 3 columns]\n",
      "AAPL mean: 0.0007580392192901268\n",
      "AMZN mean: -0.0011414444220746664\n",
      "MSFT mean: 0.0008290250824961204\n"
     ]
    }
   ],
   "source": [
    "# Calculate daily returns for all ticker's closing prices\n",
    "daily_returns_tickers = df_combined_tickers.pct_change()\n",
    "daily_returns_tickers.dropna(inplace=True)\n",
    "\n",
    "# Display daily returns for the tickers\n",
    "print(\"\\nDaily Returns for Chosen Stocks:\")\n",
    "print(daily_returns_tickers)\n",
    "\n",
    "mean = {} \n",
    "\n",
    "# Iterate through each stock in the list of tickers\n",
    "for stock in stock_tickers:\n",
    "    # Check if the stock exists in the daily returns columns\n",
    "    if stock in daily_returns_tickers.columns:\n",
    "        mean[stock] = daily_returns_tickers.mean()[stock]  # Calculate mean for the stock and store in the dictionary\n",
    "        print(f'{stock} mean: {mean[stock]}')  # Print the mean of daily returns for the stock"
   ]
  },
  {
   "cell_type": "code",
   "execution_count": 8,
   "id": "175b0d5a-7b46-4545-b9ea-457cd7244a20",
   "metadata": {},
   "outputs": [
    {
     "name": "stdout",
     "output_type": "stream",
     "text": [
      "\n",
      "Daily Returns for SPY:\n",
      "2020-11-10 05:00:00+00:00   -0.001523\n",
      "2020-11-11 05:00:00+00:00    0.007456\n",
      "2020-11-12 05:00:00+00:00   -0.009475\n",
      "2020-11-13 05:00:00+00:00    0.013471\n",
      "2020-11-16 05:00:00+00:00    0.012510\n",
      "                               ...   \n",
      "2023-11-02 04:00:00+00:00    0.019164\n",
      "2023-11-03 04:00:00+00:00    0.009123\n",
      "2023-11-06 05:00:00+00:00    0.002300\n",
      "2023-11-07 05:00:00+00:00    0.002846\n",
      "2023-11-08 05:00:00+00:00    0.000732\n",
      "Name: SPY, Length: 754, dtype: float64\n",
      "\n",
      "SPY mean:\n",
      "0.00033975975529095334\n"
     ]
    }
   ],
   "source": [
    "# Calculate and display daily returns for 'SPY'\n",
    "daily_returns_spy = spyDF.pct_change()\n",
    "daily_returns_spy.dropna(inplace=True)\n",
    "\n",
    "# Display daily returns for 'SPY'\n",
    "print(\"\\nDaily Returns for SPY:\")\n",
    "print(daily_returns_spy)\n",
    "\n",
    "# Calculate and display mean of daily return for 'SPY'\n",
    "mean_spy = daily_returns_spy.mean()\n",
    "print(\"\\nSPY mean:\")\n",
    "print(mean_spy)"
   ]
  },
  {
   "cell_type": "code",
   "execution_count": 15,
   "id": "9a0c1d66-bfc5-4218-a4d6-a5def5a88544",
   "metadata": {},
   "outputs": [
    {
     "name": "stdout",
     "output_type": "stream",
     "text": [
      "AAPL standard deviation: 0.0177839401327225\n",
      "AMZN standard deviation: 0.04183369731744983\n",
      "MSFT standard deviation: 0.017581619238321928\n"
     ]
    }
   ],
   "source": [
    "# Calculate and display standard deviation for each ticker\n",
    "std_devs = {}\n",
    "for stock in stock_tickers:\n",
    "    if stock in daily_returns_tickers.columns:\n",
    "        std_devs[stock] = daily_returns_tickers.std()[stock]\n",
    "        print(f'{stock} standard deviation: {std_devs[stock]}')"
   ]
  },
  {
   "cell_type": "code",
   "execution_count": 16,
   "id": "920a00a4-f778-48fd-959c-74df2e598759",
   "metadata": {},
   "outputs": [
    {
     "name": "stdout",
     "output_type": "stream",
     "text": [
      "\n",
      "Standard Deviation for SPY:\n",
      "0.011131185108019043\n"
     ]
    }
   ],
   "source": [
    "# Calculate and display standard deviation for 'SPY'\n",
    "std_dev_spy = daily_returns_spy.std()\n",
    "print(\"\\nStandard Deviation for SPY:\")\n",
    "print(std_dev_spy)"
   ]
  },
  {
   "cell_type": "code",
   "execution_count": 17,
   "id": "a8156723-ce25-4664-b5d9-0c9dae3824ac",
   "metadata": {},
   "outputs": [
    {
     "name": "stdout",
     "output_type": "stream",
     "text": [
      "\n",
      "Last Day's Closing Prices:\n",
      "AAPL    182.89\n",
      "AMZN    142.08\n",
      "MSFT    363.20\n",
      "Name: 2023-11-08 05:00:00+00:00, dtype: float64\n"
     ]
    }
   ],
   "source": [
    "# Get the last day's closing prices for each ticker\n",
    "last_day_closing_prices = df_combined_tickers.iloc[-1]\n",
    "\n",
    "# Display the last day's closing prices\n",
    "print(\"\\nLast Day's Closing Prices:\")\n",
    "print(last_day_closing_prices)\n"
   ]
  },
  {
   "cell_type": "code",
   "execution_count": 18,
   "id": "2f49f814-80ad-45f0-84f2-477c606eb138",
   "metadata": {},
   "outputs": [
    {
     "name": "stdout",
     "output_type": "stream",
     "text": [
      "\n",
      "Last Day's Closing Price for SPY:\n",
      "437.25\n"
     ]
    }
   ],
   "source": [
    "# Get the last day's closing price for 'SPY'\n",
    "spy_last_day_closing_price = spyDF.iloc[-1]\n",
    "print(\"\\nLast Day's Closing Price for SPY:\")\n",
    "print(spy_last_day_closing_price)"
   ]
  },
  {
   "cell_type": "markdown",
   "id": "81229d80-959e-40f5-a93c-9a6a9b337898",
   "metadata": {},
   "source": [
    "## Part 2 - Monte Carlo Simulations"
   ]
  },
  {
   "cell_type": "code",
   "execution_count": 20,
   "id": "6d2dd5fa-4d7d-423c-8c20-76e03b23aebe",
   "metadata": {},
   "outputs": [
    {
     "name": "stdout",
     "output_type": "stream",
     "text": [
      "[0.50012966 0.05313815 0.44673218]\n",
      "[0.00000000e+00 1.66533454e-16 1.00000000e+00]\n",
      "[9.57605295e-01 4.68375339e-17 4.23947051e-02]\n",
      "[0.11782169 0.         0.88217831]\n",
      "[2.03313242e-16 1.33749419e-02 9.86625058e-01]\n",
      "[5.27739668e-01 5.22689897e-17 4.72260332e-01]\n",
      "[2.81206099e-01 8.59094385e-18 7.18793902e-01]\n",
      "[1.75581618e-01 4.73466752e-14 8.24418382e-01]\n",
      "[0.23546599 0.00969573 0.75483827]\n",
      "[2.44591195e-01 1.80763570e-15 7.55408805e-01]\n",
      "[2.66243875e-01 3.85168932e-15 7.33756125e-01]\n",
      "[0.16437807 0.         0.83562193]\n",
      "[0.80284488 0.00183517 0.19531996]\n",
      "[0.32375524 0.         0.67624476]\n",
      "[0.81569855 0.         0.18430145]\n",
      "[0.58754037 0.         0.41245963]\n",
      "[0.61843438 0.         0.38156562]\n",
      "[0.         0.48911399 0.51088601]\n",
      "[0.68732154 0.         0.31267846]\n",
      "[3.90653466e-01 7.53151881e-15 6.09346534e-01]\n",
      "[2.22044605e-16 0.00000000e+00 1.00000000e+00]\n",
      "[7.98427674e-02 2.67797937e-16 9.20157233e-01]\n",
      "[0.19000212 0.00325929 0.8067386 ]\n",
      "[1.00000000e+00 2.16493490e-15 2.77555756e-16]\n",
      "[0.30380471 0.         0.69619529]\n",
      "[0.36281005 0.         0.63718995]\n",
      "[1. 0. 0.]\n",
      "[0.42346087 0.         0.57653913]\n",
      "[6.85086317e-01 2.29498766e-13 3.14913683e-01]\n",
      "[2.83153262e-01 4.62672435e-15 7.16846738e-01]\n",
      "[0.80103252 0.19300493 0.00596255]\n",
      "[0.40984238 0.0868398  0.50331782]\n",
      "[4.34138303e-01 1.23409536e-15 5.65861697e-01]\n",
      "[3.0208810e-01 1.6976086e-16 6.9791190e-01]\n",
      "[0.57109048 0.         0.42890952]\n",
      "[0.22231784 0.10252448 0.67515769]\n",
      "[0.85885422 0.         0.14114578]\n",
      "[0.29583216 0.0601365  0.64403134]\n",
      "[0.95788216 0.         0.04211784]\n",
      "[0.31914641 0.14003711 0.54081648]\n",
      "[6.78588055e-15 5.99520433e-15 1.00000000e+00]\n",
      "[2.00308613e-17 5.69452223e-02 9.43054778e-01]\n",
      "[1.00000000e+00 0.00000000e+00 5.55111512e-17]\n",
      "[0.56866183 0.01538518 0.41595299]\n",
      "[5.28493156e-01 2.76208211e-17 4.71506844e-01]\n",
      "[1.00000000e+00 1.66533454e-16 5.55111512e-17]\n",
      "[9.07566617e-01 1.13082287e-16 9.24333826e-02]\n",
      "[1.00000000e+00 0.00000000e+00 3.33066907e-16]\n",
      "[0.49515718 0.04964845 0.45519437]\n",
      "[6.82524758e-01 1.87766469e-14 3.17475242e-01]\n",
      "[0. 0. 1.]\n",
      "[3.27424821e-01 6.44901144e-17 6.72575179e-01]\n",
      "[0.40845747 0.         0.59154253]\n",
      "[2.18616791e-13 0.00000000e+00 1.00000000e+00]\n",
      "[0. 0. 1.]\n",
      "[6.54621501e-01 2.06840621e-13 3.45378499e-01]\n",
      "[0.81595571 0.         0.18404429]\n",
      "[0.27243042 0.00775843 0.71981115]\n",
      "[0.4028568  0.02929411 0.5678491 ]\n",
      "[8.28616467e-02 1.10588622e-17 9.17138353e-01]\n",
      "[5.56451041e-01 8.20936201e-15 4.43548959e-01]\n",
      "[8.07455521e-01 2.60208521e-17 1.92544479e-01]\n",
      "[4.55701821e-01 6.08854883e-17 5.44298179e-01]\n",
      "[0.37825307 0.         0.62174693]\n",
      "[0.28613969 0.01704942 0.69681088]\n",
      "[4.51143893e-01 1.60398665e-15 5.48856107e-01]\n",
      "[0.4885091 0.        0.5114909]\n",
      "[3.39228645e-13 0.00000000e+00 1.00000000e+00]\n",
      "[3.33143437e-01 1.75640752e-17 6.66856563e-01]\n",
      "[0.50278951 0.         0.49721049]\n",
      "[1.00000000e+00 0.00000000e+00 9.15933995e-16]\n",
      "[3.55782988e-01 2.23345648e-16 6.44217012e-01]\n",
      "[0. 1. 0.]\n",
      "[0.09840393 0.         0.90159607]\n",
      "[0. 0. 1.]\n",
      "[0.75052583 0.         0.24947417]\n",
      "[0.0000000e+00 1.9624493e-14 1.0000000e+00]\n",
      "[1.55945885e-01 5.27851417e-14 8.44054115e-01]\n",
      "[3.92906484e-01 2.95664361e-12 6.07093516e-01]\n",
      "[0.28973733 0.04969057 0.6605721 ]\n",
      "[3.13233191e-01 2.92970325e-13 6.86766809e-01]\n",
      "[0.77979302 0.         0.22020698]\n",
      "[1.00000000e+00 0.00000000e+00 2.77555756e-16]\n",
      "[0.51123236 0.         0.48876764]\n",
      "[1.93668633e-15 3.27515792e-15 1.00000000e+00]\n",
      "[0.35523011 0.41234988 0.23242002]\n",
      "[0.6361957  0.06860126 0.29520304]\n",
      "[0.62791525 0.06092325 0.3111615 ]\n",
      "[0.52453642 0.02201356 0.45345003]\n",
      "[0.2181769 0.        0.7818231]\n",
      "[5.46014986e-01 7.42438879e-14 4.53985014e-01]\n",
      "[0.15142882 0.         0.84857118]\n",
      "[0.54766324 0.12170054 0.33063622]\n",
      "[3.36905615e-01 5.17564507e-14 6.63094385e-01]\n",
      "[4.85465155e-01 2.67952663e-15 5.14534845e-01]\n",
      "[0.19416711 0.         0.80583289]\n",
      "[4.01844408e-01 4.29127220e-16 5.98155592e-01]\n",
      "[0.35110423 0.         0.64889577]\n",
      "[0.33920743 0.         0.66079257]\n",
      "[1.00000000e+00 1.66533454e-16 5.55111512e-17]\n",
      "[4.58242355e-01 8.27679938e-15 5.41757645e-01]\n",
      "[1.66533454e-16 3.33066907e-16 1.00000000e+00]\n",
      "[5.34875160e-01 2.28881254e-15 4.65124840e-01]\n",
      "[5.16379040e-01 3.97570792e-16 4.83620960e-01]\n",
      "[0.68423471 0.         0.31576529]\n",
      "[7.77156117e-16 0.00000000e+00 1.00000000e+00]\n",
      "[0.58632981 0.         0.41367019]\n",
      "[0.77537625 0.         0.22462375]\n",
      "[0.        0.0837943 0.9162057]\n"
     ]
    },
    {
     "name": "stderr",
     "output_type": "stream",
     "text": [
      "/var/folders/bk/8p802pg50f31n1clyfc4y7700000gn/T/ipykernel_44560/1332557318.py:53: PerformanceWarning: DataFrame is highly fragmented.  This is usually the result of calling `frame.insert` many times, which has poor performance.  Consider joining all columns at once using pd.concat(axis=1) instead.  To get a de-fragmented frame, use `newframe = frame.copy()`\n",
      "  simulated_prices_stocks[stock][simulation_index] = pd.Series(simulated_prices_dict[stock])\n",
      "/var/folders/bk/8p802pg50f31n1clyfc4y7700000gn/T/ipykernel_44560/1332557318.py:75: PerformanceWarning: DataFrame is highly fragmented.  This is usually the result of calling `frame.insert` many times, which has poor performance.  Consider joining all columns at once using pd.concat(axis=1) instead.  To get a de-fragmented frame, use `newframe = frame.copy()`\n",
      "  monte_carlo_results[simulation_index] = (1 + portfolio_daily_returns).cumprod()\n",
      "/var/folders/bk/8p802pg50f31n1clyfc4y7700000gn/T/ipykernel_44560/1332557318.py:78: PerformanceWarning: DataFrame is highly fragmented.  This is usually the result of calling `frame.insert` many times, which has poor performance.  Consider joining all columns at once using pd.concat(axis=1) instead.  To get a de-fragmented frame, use `newframe = frame.copy()`\n",
      "  monte_carlo_spy_results[simulation_index] = (1 + pd.Series(simulated_prices_spy_list).pct_change().dropna()).cumprod()\n"
     ]
    },
    {
     "name": "stdout",
     "output_type": "stream",
     "text": [
      "[0.40000972 0.         0.59999028]\n",
      "[0.85240082 0.00092503 0.14667415]\n",
      "[0.46453951 0.05930823 0.47615227]\n",
      "[0.75146204 0.05267003 0.19586793]\n",
      "[9.90874049e-15 0.00000000e+00 1.00000000e+00]\n",
      "[3.64797552e-01 2.77013655e-16 6.35202448e-01]\n",
      "[7.66293974e-01 2.00089511e-16 2.33706026e-01]\n",
      "[0.87108208 0.         0.12891792]\n",
      "[2.49506506e-01 5.99563801e-17 7.50493494e-01]\n",
      "[1.96652478e-01 1.62031645e-15 8.03347522e-01]\n",
      "[1.00000000e+00 0.00000000e+00 6.24500451e-15]\n",
      "[0.32873502 0.         0.67126498]\n",
      "[1.00000000e+00 0.00000000e+00 1.72084569e-15]\n",
      "[1.00000000e+00 0.00000000e+00 9.32587341e-15]\n",
      "[2.12233418e-01 1.52330405e-16 7.87766582e-01]\n",
      "[7.22493278e-01 2.42861287e-17 2.77506722e-01]\n",
      "[0.26899267 0.         0.73100733]\n",
      "[0.17288557 0.08432307 0.74279136]\n",
      "[5.55111512e-17 5.55111512e-17 1.00000000e+00]\n",
      "[0.5953155  0.03591388 0.36877061]\n",
      "[0.45040235 0.07095672 0.47864093]\n",
      "[3.31998880e-01 3.52636757e-17 6.68001120e-01]\n",
      "[5.55111512e-17 0.00000000e+00 1.00000000e+00]\n",
      "[6.63254127e-01 1.26822331e-16 3.36745873e-01]\n",
      "[0.34551115 0.02891822 0.62557063]\n",
      "[0.71942373 0.         0.28057627]\n",
      "[0.81129357 0.         0.18870643]\n",
      "[0.12645858 0.         0.87354142]\n",
      "[2.79629067e-02 2.03613168e-16 9.72037093e-01]\n",
      "[0.2076244  0.33524224 0.45713336]\n",
      "[0.40687337 0.02902529 0.56410134]\n",
      "[0.60359392 0.         0.39640608]\n",
      "[1.01155850e-16 1.08582952e-01 8.91417048e-01]\n",
      "[0.54331574 0.         0.45668426]\n",
      "[0.72830491 0.         0.27169509]\n",
      "[1.00000000e+00 0.00000000e+00 1.11022302e-16]\n",
      "[0.54487806 0.         0.45512194]\n",
      "[0.91712558 0.04692258 0.03595185]\n",
      "[2.78290175e-01 3.59087760e-16 7.21709825e-01]\n",
      "[3.39677017e-01 5.20417043e-18 6.60322983e-01]\n",
      "[0.59950568 0.03649497 0.36399935]\n",
      "[0.37417002 0.         0.62582998]\n",
      "[5.55111512e-17 0.00000000e+00 1.00000000e+00]\n",
      "[0.23980638 0.         0.76019362]\n",
      "[0.49813812 0.         0.50186188]\n",
      "[0.62170315 0.         0.37829685]\n",
      "[0.56566538 0.         0.43433462]\n",
      "[2.22044605e-16 0.00000000e+00 1.00000000e+00]\n",
      "[6.56446227e-01 2.43132337e-17 3.43553773e-01]\n",
      "[3.28342763e-01 6.18537339e-17 6.71657237e-01]\n",
      "[0.42478585 0.         0.57521415]\n",
      "[6.78800374e-01 2.66713734e-17 3.21199626e-01]\n",
      "[0.39833034 0.         0.60166966]\n",
      "[0.22263475 0.         0.77736525]\n",
      "[0.60804279 0.04428965 0.34766756]\n",
      "[0.80327554 0.         0.19672446]\n",
      "[6.49376753e-01 4.93311988e-18 3.50623247e-01]\n",
      "[0.43107239 0.         0.56892761]\n",
      "[0.37399923 0.         0.62600077]\n",
      "[7.09436696e-01 7.70689395e-17 2.90563304e-01]\n",
      "[0.57893252 0.07824295 0.34282453]\n",
      "[0.21733271 0.01933773 0.76332956]\n",
      "[0.97328122 0.         0.02671878]\n",
      "[0.2503939 0.        0.7496061]\n",
      "[4.67028676e-01 2.79647909e-17 5.32971324e-01]\n",
      "[0.17972938 0.         0.82027062]\n",
      "[3.77586788e-01 3.64291930e-17 6.22413212e-01]\n",
      "[5.06385392e-01 3.06038842e-15 4.93614608e-01]\n",
      "[0.44862331 0.19098268 0.36039401]\n",
      "[0.66131916 0.         0.33868084]\n",
      "[0. 0. 1.]\n",
      "[4.36803290e-01 1.83360271e-15 5.63196710e-01]\n",
      "[0.78716243 0.         0.21283757]\n",
      "[5.18690910e-01 1.77131392e-13 4.81309090e-01]\n",
      "[3.22676375e-01 1.82145965e-17 6.77323625e-01]\n",
      "[0.86883621 0.         0.13116379]\n",
      "[5.29595142e-01 1.04330607e-14 4.70404858e-01]\n",
      "[5.98370121e-01 2.51534904e-17 4.01629879e-01]\n",
      "[0.78389328 0.         0.21610672]\n",
      "[0.37632512 0.16951342 0.45416145]\n",
      "[1.76941795e-16 0.00000000e+00 1.00000000e+00]\n",
      "[0.67741872 0.         0.32258128]\n",
      "[0.37487558 0.01784805 0.60727637]\n",
      "[5.32347000e-01 3.88144378e-17 4.67653000e-01]\n",
      "[0.12987958 0.0073575  0.86276292]\n",
      "[0.68649646 0.         0.31350354]\n",
      "[3.08183052e-01 6.55088614e-13 6.91816948e-01]\n",
      "[4.80101926e-01 1.52838788e-14 5.19898074e-01]\n",
      "[0.12651744 0.16930173 0.70418083]\n",
      "[0.45691732 0.         0.54308268]\n",
      "[5.61805303e-01 4.12725054e-15 4.38194697e-01]\n",
      "[5.27342368e-01 5.38085201e-14 4.72657632e-01]\n",
      "[4.88523271e-01 3.01889946e-16 5.11476729e-01]\n",
      "[0.73624345 0.         0.26375655]\n",
      "[4.30613329e-01 4.00660408e-14 5.69386671e-01]\n",
      "[0.28882526 0.         0.71117474]\n",
      "[0.25562639 0.         0.74437361]\n",
      "[0.06453941 0.         0.93546059]\n",
      "[9.50424801e-01 1.68745226e-15 4.95751992e-02]\n",
      "[2.51498614e-01 2.11756667e-17 7.48501386e-01]\n",
      "[0.42417165 0.09384946 0.48197889]\n",
      "[3.40454083e-02 1.47559916e-16 9.65954592e-01]\n",
      "[5.64359298e-01 1.65055469e-13 4.35640702e-01]\n",
      "[1.78311961e-01 1.04083409e-17 8.21688039e-01]\n",
      "[4.99600361e-16 0.00000000e+00 1.00000000e+00]\n",
      "[4.09079680e-01 8.80372164e-17 5.90920320e-01]\n",
      "[0.27178356 0.         0.72821644]\n",
      "[6.77099177e-01 4.32710031e-17 3.22900823e-01]\n",
      "[5.36802760e-01 1.81286881e-15 4.63197240e-01]\n",
      "[0.00000000e+00 7.21644966e-16 1.00000000e+00]\n",
      "[0.45939541 0.10197983 0.43862475]\n",
      "[0.74639504 0.05096467 0.20264029]\n",
      "[4.21460274e-01 1.21430643e-17 5.78539726e-01]\n",
      "[0.65590387 0.         0.34409613]\n",
      "[0.27338922 0.10304863 0.62356215]\n",
      "[0.70835701 0.06924444 0.22239854]\n",
      "[0.         0.30480073 0.69519927]\n",
      "[3.85378285e-01 3.64291930e-17 6.14621715e-01]\n",
      "[3.63164364e-01 4.01154804e-17 6.36835636e-01]\n",
      "[9.32466602e-01 1.62868850e-14 6.75333981e-02]\n",
      "[0.00000000e+00 2.98719383e-15 1.00000000e+00]\n",
      "[0.00000000e+00 1.00000000e+00 1.52135249e-15]\n",
      "[4.83864393e-01 1.78813942e-15 5.16135607e-01]\n",
      "[4.46988911e-01 2.24448978e-17 5.53011089e-01]\n",
      "[0.66069027 0.04635653 0.29295319]\n",
      "[4.08360738e-01 2.88831459e-16 5.91639262e-01]\n",
      "[5.55111512e-17 5.55111512e-17 1.00000000e+00]\n",
      "[3.02125663e-01 2.76310773e-17 6.97874337e-01]\n",
      "[1.78372711e-01 1.03075101e-15 8.21627289e-01]\n",
      "[7.53697118e-01 7.43329009e-16 2.46302882e-01]\n",
      "[0.6395674 0.        0.3604326]\n",
      "[0.55726494 0.         0.44273506]\n",
      "[3.11657777e-01 5.28537283e-13 6.88342223e-01]\n",
      "[2.93268007e-01 1.85126437e-14 7.06731993e-01]\n",
      "[0.12328947 0.06632255 0.81038798]\n",
      "[1.51051068e-01 7.94324459e-15 8.48948932e-01]\n",
      "[0.29648173 0.02280987 0.6807084 ]\n",
      "[0.00000000e+00 1.00000000e+00 5.55111512e-17]\n",
      "[4.87401522e-01 3.76234868e-16 5.12598478e-01]\n",
      "[0.17213245 0.         0.82786755]\n",
      "[0.83467177 0.03361862 0.1317096 ]\n",
      "[9.12285445e-01 1.73472348e-18 8.77145549e-02]\n",
      "[0.30249503 0.00885232 0.68865265]\n",
      "[0.47069978 0.         0.52930022]\n",
      "[0.48428996 0.19263835 0.32307169]\n",
      "[1.00000000e+00 0.00000000e+00 1.93178806e-14]\n",
      "[3.44323649e-01 4.68266918e-16 6.55676351e-01]\n",
      "[2.77555756e-17 2.08166817e-17 1.00000000e+00]\n",
      "[6.43326603e-01 2.49930285e-15 3.56673397e-01]\n",
      "[0.4057181 0.        0.5942819]\n",
      "[4.39010802e-01 6.24500451e-17 5.60989198e-01]\n",
      "[0.57968699 0.         0.42031301]\n",
      "[2.90371562e-01 5.84580127e-15 7.09628438e-01]\n",
      "[0.82764039 0.         0.17235961]\n",
      "[0.16069975 0.         0.83930025]\n",
      "[1.11022302e-16 1.00000000e+00 5.55111512e-17]\n",
      "[0.18466409 0.31763991 0.49769601]\n",
      "[0.26254604 0.         0.73745396]\n",
      "[0.26147628 0.         0.73852372]\n",
      "[0.11801977 0.         0.88198023]\n",
      "[6.13306615e-01 1.05288619e-11 3.86693385e-01]\n",
      "[4.86557902e-01 1.12214925e-17 5.13442098e-01]\n",
      "[0.22116998 0.04355835 0.73527167]\n",
      "[3.33066907e-16 0.00000000e+00 1.00000000e+00]\n",
      "[6.59358993e-01 2.12438574e-15 3.40641007e-01]\n",
      "[5.87275959e-01 5.58055121e-15 4.12724041e-01]\n",
      "[1.00000000e+00 1.91513472e-15 8.32667268e-16]\n",
      "[0.24010812 0.19225098 0.56764091]\n",
      "[0.73029077 0.25890341 0.01080581]\n",
      "[0.16493846 0.0311472  0.80391434]\n",
      "[3.69138323e-01 8.94414317e-13 6.30861677e-01]\n",
      "[3.95525356e-01 3.15220828e-16 6.04474644e-01]\n",
      "[4.35314043e-01 6.62207316e-14 5.64685957e-01]\n",
      "[1.24515047e-01 2.20093041e-16 8.75484953e-01]\n",
      "[3.44368290e-01 1.97324795e-17 6.55631710e-01]\n",
      "[2.22044605e-16 0.00000000e+00 1.00000000e+00]\n",
      "[4.66835907e-01 1.68204751e-14 5.33164093e-01]\n",
      "[5.04643605e-01 5.33968743e-15 4.95356395e-01]\n",
      "[0.57417265 0.         0.42582735]\n",
      "[0.81200741 0.         0.18799259]\n",
      "[0.15715982 0.03251546 0.81032472]\n",
      "[1.00000000e+00 0.00000000e+00 3.88578059e-16]\n",
      "[0.4662378  0.05017734 0.48358486]\n",
      "[3.70300528e-01 1.76182853e-18 6.29699472e-01]\n",
      "[0.97952853 0.         0.02047147]\n",
      "[0.00000000e+00 7.21644966e-16 1.00000000e+00]\n",
      "[0.39742003 0.07209251 0.53048746]\n",
      "[0.0000000e+00 2.4133473e-14 1.0000000e+00]\n",
      "[5.48721981e-01 1.53478728e-16 4.51278019e-01]\n",
      "[6.65314947e-01 5.54623621e-16 3.34685053e-01]\n",
      "[6.14391402e-01 8.60856525e-17 3.85608598e-01]\n",
      "[6.55338375e-01 2.87098904e-14 3.44661625e-01]\n",
      "[4.29568326e-01 1.63789555e-13 5.70431674e-01]\n",
      "[0.35925081 0.         0.64074919]\n",
      "[0.96066759 0.03933241 0.        ]\n",
      "[0.42169554 0.         0.57830446]\n",
      "[0.77302613 0.10352232 0.12345155]\n",
      "[0.19430833 0.0796017  0.72608997]\n",
      "[0.         0.24542529 0.75457471]\n",
      "[6.11805308e-01 1.78134417e-16 3.88194692e-01]\n",
      "[0.00000000e+00 2.63677968e-15 1.00000000e+00]\n",
      "[0.19694257 0.         0.80305743]\n",
      "[5.55111512e-17 5.55111512e-17 1.00000000e+00]\n",
      "[0.59356855 0.         0.40643145]\n",
      "[0.16431801 0.         0.83568199]\n",
      "[2.32226391e-12 0.00000000e+00 1.00000000e+00]\n",
      "[0.31690946 0.04526775 0.63782278]\n",
      "[0.55339541 0.13642015 0.31018444]\n",
      "[0.71421337 0.20468177 0.08110486]\n",
      "[0.8775774 0.        0.1224226]\n",
      "[3.99553179e-01 2.64545330e-17 6.00446821e-01]\n",
      "[0.53587568 0.         0.46412432]\n",
      "[0.69325128 0.         0.30674872]\n",
      "[8.60181488e-01 1.39818512e-01 4.02607186e-17]\n",
      "[7.13745206e-01 1.64386733e-15 2.86254794e-01]\n",
      "[0.60789359 0.03326214 0.35884427]\n",
      "[4.62716701e-01 1.05190923e-15 5.37283299e-01]\n",
      "[1.00000000e+00 0.00000000e+00 1.89377333e-12]\n",
      "[0.40304821 0.41637612 0.18057567]\n",
      "[0.47387257 0.         0.52612743]\n",
      "[0.1293674 0.        0.8706326]\n",
      "[0.28381905 0.03650581 0.67967513]\n",
      "[0.74842467 0.03642136 0.21515398]\n",
      "[1.00952544e-01 2.38774712e-13 8.99047456e-01]\n",
      "[2.11399243e-01 1.04164680e-12 7.88600757e-01]\n",
      "[3.52066533e-02 2.84060969e-17 9.64793347e-01]\n",
      "[5.83157681e-01 3.29163780e-16 4.16842319e-01]\n",
      "[5.22431591e-01 2.52796075e-16 4.77568409e-01]\n",
      "[4.55166594e-17 4.39473304e-01 5.60526696e-01]\n",
      "[5.55111512e-17 5.55111512e-17 1.00000000e+00]\n",
      "[9.22224129e-01 1.33356867e-17 7.77758714e-02]\n",
      "[0.         0.06068431 0.93931569]\n",
      "[4.50903608e-01 1.44740990e-14 5.49096392e-01]\n",
      "[3.26954141e-01 3.63904490e-16 6.73045859e-01]\n",
      "[0.6216944 0.        0.3783056]\n",
      "[0.34861548 0.12899122 0.5223933 ]\n",
      "[0.42261149 0.         0.57738851]\n",
      "[2.56645883e-01 4.67291136e-17 7.43354117e-01]\n",
      "[0.79645634 0.12167622 0.08186744]\n",
      "[0.11377629 0.         0.88622371]\n",
      "[5.10423442e-01 6.74775997e-16 4.89576558e-01]\n",
      "[0.51268033 0.         0.48731967]\n",
      "[4.4697579e-13 0.0000000e+00 1.0000000e+00]\n",
      "[0.00000000e+00 1.54946368e-13 1.00000000e+00]\n",
      "[6.25366785e-01 8.87318647e-14 3.74633215e-01]\n",
      "[3.52286429e-01 6.75457953e-15 6.47713571e-01]\n",
      "[2.26798094e-01 1.15424163e-15 7.73201906e-01]\n",
      "[3.05022157e-01 1.96180476e-16 6.94977843e-01]\n",
      "[5.59940394e-01 1.45715146e-14 4.40059606e-01]\n",
      "[2.02143637e-01 1.34094125e-15 7.97856363e-01]\n",
      "[0.5145491  0.03562818 0.44982271]\n",
      "[0.45808975 0.         0.54191025]\n",
      "[0.84006412 0.         0.15993588]\n",
      "[0.87195282 0.         0.12804718]\n",
      "[8.33572736e-01 1.32913929e-16 1.66427264e-01]\n",
      "[9.26422390e-01 1.01147389e-14 7.35776100e-02]\n",
      "[4.87715818e-01 1.52932575e-15 5.12284182e-01]\n",
      "[1.00000000e+00 6.10622664e-16 0.00000000e+00]\n",
      "[0.61411821 0.         0.38588179]\n",
      "[0.5372994  0.09895606 0.36374454]\n",
      "[0.91453961 0.         0.08546039]\n",
      "[0.         0.03872217 0.96127783]\n",
      "[0.38930432 0.         0.61069568]\n",
      "[1.00000000e+00 9.02056208e-17 0.00000000e+00]\n",
      "[0.43794007 0.03936374 0.52269619]\n",
      "[1.66533454e-16 0.00000000e+00 1.00000000e+00]\n",
      "[3.86222289e-01 7.71946526e-15 6.13777711e-01]\n",
      "[0.5200468  0.14670878 0.33324442]\n",
      "[0.58700049 0.33115962 0.08183989]\n",
      "[0.00000000e+00 4.38538095e-15 1.00000000e+00]\n",
      "[0.58802181 0.         0.41197819]\n",
      "[0.65439765 0.14481752 0.20078483]\n",
      "[0.00000000e+00 4.33680869e-17 1.00000000e+00]\n",
      "[6.45084947e-01 1.82112843e-13 3.54915053e-01]\n",
      "[4.12216406e-01 1.80058876e-16 5.87783594e-01]\n",
      "[0.30831406 0.05183102 0.63985492]\n",
      "[5.55111512e-17 0.00000000e+00 1.00000000e+00]\n",
      "[0.76718372 0.         0.23281628]\n",
      "[3.15980500e-01 1.20346441e-16 6.84019500e-01]\n",
      "[0.04861635 0.13409286 0.81729079]\n",
      "[6.03689709e-01 1.17868949e-17 3.96310291e-01]\n",
      "[6.10605859e-01 1.69542115e-16 3.89394141e-01]\n",
      "[0.49129858 0.         0.50870142]\n",
      "[5.03557016e-01 2.95598468e-16 4.96442984e-01]\n",
      "[0.25449388 0.26025095 0.48525516]\n",
      "[0.00000000e+00 1.66533454e-16 1.00000000e+00]\n",
      "[6.84647365e-01 2.32259506e-17 3.15352635e-01]\n",
      "[0.8954599 0.        0.1045401]\n",
      "[5.40547188e-01 9.48954431e-16 4.59452812e-01]\n",
      "[0.56533879 0.         0.43466121]\n",
      "[4.29649291e-01 5.56273775e-16 5.70350709e-01]\n",
      "[2.56116553e-01 4.42010289e-16 7.43883447e-01]\n",
      "[0.12947608 0.06281485 0.80770907]\n",
      "[4.65055661e-01 5.93985082e-16 5.34944339e-01]\n",
      "[1.30200599e-17 1.00000000e+00 6.93889390e-17]\n",
      "[7.83479321e-02 3.21400892e-15 9.21652068e-01]\n",
      "[1.00000000e+00 1.07691633e-14 1.41137102e-14]\n",
      "[6.17544570e-01 1.56125113e-17 3.82455430e-01]\n",
      "[0.50262544 0.         0.49737456]\n",
      "[0.1252908 0.        0.8747092]\n",
      "[0.97142135 0.02857865 0.        ]\n",
      "[0.10692056 0.         0.89307944]\n",
      "[3.10585183e-01 5.44269491e-17 6.89414817e-01]\n",
      "[1.0000000e+00 0.0000000e+00 1.0633161e-13]\n",
      "[7.06435030e-01 3.46944695e-18 2.93564970e-01]\n",
      "[0.40591451 0.         0.59408549]\n",
      "[0.07523887 0.00333699 0.92142415]\n",
      "[0.68923763 0.         0.31076237]\n",
      "[8.12023583e-01 1.43114687e-17 1.87976417e-01]\n",
      "[0.30995711 0.05025345 0.63978944]\n",
      "[2.59942085e-01 2.29371208e-16 7.40057915e-01]\n",
      "[0.75489908 0.         0.24510092]\n",
      "[1.00000000e+00 4.51028104e-17 1.38777878e-17]\n",
      "[0.56286634 0.         0.43713366]\n",
      "[0.25567669 0.12684676 0.61747656]\n",
      "[5.55111512e-17 5.55111512e-17 1.00000000e+00]\n",
      "[1. 0. 0.]\n",
      "[0.         0.02948536 0.97051464]\n",
      "[1.44391568e-01 4.33680869e-19 8.55608432e-01]\n",
      "[5.92014842e-01 6.92588348e-16 4.07985158e-01]\n",
      "[6.16165194e-01 8.81549066e-14 3.83834806e-01]\n",
      "[0.40941895 0.         0.59058105]\n",
      "[1.44535184e-16 1.56482196e-01 8.43517804e-01]\n",
