{
 "cells": [
  {
   "cell_type": "code",
   "execution_count": 1,
   "id": "6f2c2822-b428-4196-bb30-17dac97263e6",
   "metadata": {},
   "outputs": [],
   "source": [
    "#importing necessary libraries \n",
    "import numpy as np\n",
    "import pandas as pd\n",
    "import os\n",
    "from datetime import datetime, timedelta\n",
    "import matplotlib.pyplot as plt\n",
    "import alpaca_trade_api as tradeapi\n",
    "import yfinance as yf\n",
    "from urllib.parse import quote\n",
    "import seaborn as sns #library not from class\n",
    "%matplotlib inline\n",
    "from scipy.optimize import minimize"
   ]
  },
  {
   "cell_type": "code",
   "execution_count": 2,
   "id": "cca085cb-8f52-435b-af02-c416407f43c5",
   "metadata": {},
   "outputs": [
    {
     "data": {
      "text/plain": [
       "True"
      ]
     },
     "execution_count": 2,
     "metadata": {},
     "output_type": "execute_result"
    }
   ],
   "source": [
    "#Load .env environment variables\n",
    "from dotenv import load_dotenv\n",
    "load_dotenv()\n"
   ]
  },
  {
   "cell_type": "code",
   "execution_count": 3,
   "id": "56825116-655f-4f55-b6f3-81aefa2c9a5e",
   "metadata": {},
   "outputs": [],
   "source": [
    "# Set a random seed for reproducibility\n",
    "np.random.seed(40)"
   ]
  },
  {
   "cell_type": "code",
   "execution_count": 4,
   "id": "5f29a1d5-301c-4906-a1d0-a0fc5e7dab0c",
   "metadata": {},
   "outputs": [],
   "source": [
    "# Set Alpaca API key and secret\n",
    "APCA_API_KEY_ID = os.getenv(\"APCA_API_KEY\")\n",
    "APCA_API_SECRET_KEY = os.getenv(\"APCA_SECRET_KEY\")\n",
    "ALPACA_ENDPOINT_KEY = os.getenv(\"ALPACA_END_POINT\")\n",
    "\n",
    "#ensuring api keys are correct \n",
    "#print(os.getenv(\"APCA_API_KEY_ID\"))\n",
    "#print(os.getenv(\"APCA_API_SECRET_KEY\"))\n",
    "#print(os.getenv(\"ALPACA_ENDPOINT_KEY\"))\n",
    "\n",
    "# Create the Alpaca API object\n",
    "alpaca = tradeapi.REST(APCA_API_KEY_ID, APCA_API_SECRET_KEY, api_version=\"v2\",base_url= ALPACA_ENDPOINT_KEY)"
   ]
  },
  {
   "cell_type": "markdown",
   "id": "25c499e0-7c41-4450-8010-d58a446409c5",
   "metadata": {},
   "source": [
    "## Part 1 - Portfolio Optimization \n"
   ]
  },
  {
   "cell_type": "code",
   "execution_count": 34,
   "id": "432c91f0-8e13-4f25-830f-f38fad7018f6",
   "metadata": {},
   "outputs": [
    {
     "name": "stdout",
     "output_type": "stream",
     "text": [
      "The initial investment is: $10000\n",
      "The selected stocks are: ['AAPL', 'AMZN', 'MSFT']\n",
      "The start date is: 2020-11-08\n",
      "The start date is: 2020-11-08\n",
      "The number of monte carlo simulations is: 500\n"
     ]
    }
   ],
   "source": [
    "#initializing variables\n",
    "initial_investment = 10000\n",
    "print(f'The initial investment is: ${initial_investment}')\n",
    "\n",
    "stock_tickers = ['AAPL', 'AMZN', 'MSFT'] \n",
    "ticker_string = ', '.join(stock_tickers)\n",
    "print(f'The selected stocks are: {stock_tickers}')\n",
    "\n",
    "start_date = '2020-11-08'  # Set your desired start date\n",
    "print(f'The start date is: {start_date}')\n",
    "\n",
    "end_date = '2023-11-08'  # Set your desired start date\n",
    "print(f'The start date is: {start_date}')\n",
    "\n",
    "num_sims = 500 \n",
    "print(f'The number of monte carlo simulations is: {num_sims}')\n",
    "\n",
    "num_years = 3"
   ]
  },
  {
   "cell_type": "markdown",
   "id": "68eb5088-3638-4037-b357-0a77f71c2606",
   "metadata": {},
   "source": [
    "### Import S&P500 Data From Alpacas and Display Closing Prices From Chosen Stocks"
   ]
  },
  {
   "cell_type": "code",
   "execution_count": 6,
   "id": "5f77af5b-77d2-49a5-8252-fea9f77b5deb",
   "metadata": {},
   "outputs": [
    {
     "data": {
      "text/html": [
       "<div>\n",
       "<style scoped>\n",
       "    .dataframe tbody tr th:only-of-type {\n",
       "        vertical-align: middle;\n",
       "    }\n",
       "\n",
       "    .dataframe tbody tr th {\n",
       "        vertical-align: top;\n",
       "    }\n",
       "\n",
       "    .dataframe thead th {\n",
       "        text-align: right;\n",
       "    }\n",
       "</style>\n",
       "<table border=\"1\" class=\"dataframe\">\n",
       "  <thead>\n",
       "    <tr style=\"text-align: right;\">\n",
       "      <th></th>\n",
       "      <th>AAPL</th>\n",
       "      <th>AMZN</th>\n",
       "      <th>MSFT</th>\n",
       "    </tr>\n",
       "  </thead>\n",
       "  <tbody>\n",
       "    <tr>\n",
       "      <th>2020-11-09 05:00:00+00:00</th>\n",
       "      <td>116.32</td>\n",
       "      <td>3143.74</td>\n",
       "      <td>218.39</td>\n",
       "    </tr>\n",
       "    <tr>\n",
       "      <th>2020-11-10 05:00:00+00:00</th>\n",
       "      <td>116.00</td>\n",
       "      <td>3035.02</td>\n",
       "      <td>211.01</td>\n",
       "    </tr>\n",
       "    <tr>\n",
       "      <th>2020-11-11 05:00:00+00:00</th>\n",
       "      <td>119.49</td>\n",
       "      <td>3137.39</td>\n",
       "      <td>216.55</td>\n",
       "    </tr>\n",
       "    <tr>\n",
       "      <th>2020-11-12 05:00:00+00:00</th>\n",
       "      <td>119.21</td>\n",
       "      <td>3110.28</td>\n",
       "      <td>215.44</td>\n",
       "    </tr>\n",
       "    <tr>\n",
       "      <th>2020-11-13 05:00:00+00:00</th>\n",
       "      <td>119.26</td>\n",
       "      <td>3128.81</td>\n",
       "      <td>216.51</td>\n",
       "    </tr>\n",
       "    <tr>\n",
       "      <th>...</th>\n",
       "      <td>...</td>\n",
       "      <td>...</td>\n",
       "      <td>...</td>\n",
       "    </tr>\n",
       "    <tr>\n",
       "      <th>2023-11-02 04:00:00+00:00</th>\n",
       "      <td>177.57</td>\n",
       "      <td>138.07</td>\n",
       "      <td>348.32</td>\n",
       "    </tr>\n",
       "    <tr>\n",
       "      <th>2023-11-03 04:00:00+00:00</th>\n",
       "      <td>176.65</td>\n",
       "      <td>138.60</td>\n",
       "      <td>352.80</td>\n",
       "    </tr>\n",
       "    <tr>\n",
       "      <th>2023-11-06 05:00:00+00:00</th>\n",
       "      <td>179.23</td>\n",
       "      <td>139.74</td>\n",
       "      <td>356.53</td>\n",
       "    </tr>\n",
       "    <tr>\n",
       "      <th>2023-11-07 05:00:00+00:00</th>\n",
       "      <td>181.82</td>\n",
       "      <td>142.71</td>\n",
       "      <td>360.53</td>\n",
       "    </tr>\n",
       "    <tr>\n",
       "      <th>2023-11-08 05:00:00+00:00</th>\n",
       "      <td>182.89</td>\n",
       "      <td>142.08</td>\n",
       "      <td>363.20</td>\n",
       "    </tr>\n",
       "  </tbody>\n",
       "</table>\n",
       "<p>755 rows × 3 columns</p>\n",
       "</div>"
      ],
      "text/plain": [
       "                             AAPL     AMZN    MSFT\n",
       "2020-11-09 05:00:00+00:00  116.32  3143.74  218.39\n",
       "2020-11-10 05:00:00+00:00  116.00  3035.02  211.01\n",
       "2020-11-11 05:00:00+00:00  119.49  3137.39  216.55\n",
       "2020-11-12 05:00:00+00:00  119.21  3110.28  215.44\n",
       "2020-11-13 05:00:00+00:00  119.26  3128.81  216.51\n",
       "...                           ...      ...     ...\n",
       "2023-11-02 04:00:00+00:00  177.57   138.07  348.32\n",
       "2023-11-03 04:00:00+00:00  176.65   138.60  352.80\n",
       "2023-11-06 05:00:00+00:00  179.23   139.74  356.53\n",
       "2023-11-07 05:00:00+00:00  181.82   142.71  360.53\n",
       "2023-11-08 05:00:00+00:00  182.89   142.08  363.20\n",
       "\n",
       "[755 rows x 3 columns]"
      ]
     },
     "execution_count": 6,
     "metadata": {},
     "output_type": "execute_result"
    }
   ],
   "source": [
    "from urllib.parse import quote\n",
    "\n",
    "# Importing SP500 \n",
    "spy = [\"SPY\"]\n",
    "\n",
    "# Define the list of stock tickers, excluding SP500 initially\n",
    "tickersList = stock_tickers + ['SPY']\n",
    "\n",
    "# Set timeframe to '1D'\n",
    "timeframe = '1D'\n",
    "\n",
    "# Convert start_date and end_date to ISO format with New York timezone\n",
    "start_date = pd.Timestamp(start_date, tz='America/New_York').isoformat()\n",
    "end_date = pd.Timestamp(end_date, tz='America/New_York').isoformat()\n",
    "\n",
    "# Create an empty DataFrame to store the results for tickers\n",
    "df_combined_tickers = pd.DataFrame()\n",
    "\n",
    "# Make the request to Alpaca API for each ticker\n",
    "for ticker in tickersList:\n",
    "    # Convert the ticker to URL-encoded format\n",
    "    ticker_encoded = quote(ticker)\n",
    "    \n",
    "    # Make the request to Alpaca API to get bars data\n",
    "    df_ticker = alpaca.get_bars(ticker_encoded, timeframe, limit=None, start=start_date, end=end_date).df\n",
    "    \n",
    "    # Select only the 'close' column and assign the new column name with the ticker symbol for clarity purposes\n",
    "    df_ticker = df_ticker['close'].rename(ticker)\n",
    "    \n",
    "    # Combine the results\n",
    "    df_combined_tickers = pd.concat([df_combined_tickers, df_ticker], axis=1)\n",
    "    \n",
    "spyDF = df_combined_tickers['SPY']\n",
    "df_combined_tickers.drop(columns='SPY',inplace=True)\n",
    "\n",
    "# Display the results (closing prices for chosen tickers)\n",
    "df_combined_tickers"
   ]
  },
  {
   "cell_type": "markdown",
   "id": "38323bb1-111d-4183-8921-30e71b45076f",
   "metadata": {},
   "source": [
    "### Calculate Daily Return, Mean, Standard Deviation, and Last Day Closing Prices for selected tickers and SP500"
   ]
  },
  {
   "cell_type": "code",
   "execution_count": 10,
   "id": "3eafe8e3-9f11-4827-a2bd-670b128dc2dc",
   "metadata": {},
   "outputs": [
    {
     "name": "stdout",
     "output_type": "stream",
     "text": [
      "\n",
      "Daily Returns for Chosen Stocks:\n",
      "                               AAPL      AMZN      MSFT\n",
      "2020-11-10 05:00:00+00:00 -0.002751 -0.034583 -0.033793\n",
      "2020-11-11 05:00:00+00:00  0.030086  0.033730  0.026255\n",
      "2020-11-12 05:00:00+00:00 -0.002343 -0.008641 -0.005126\n",
      "2020-11-13 05:00:00+00:00  0.000419  0.005958  0.004967\n",
      "2020-11-16 05:00:00+00:00  0.008720  0.000719  0.003325\n",
      "...                             ...       ...       ...\n",
      "2023-11-02 04:00:00+00:00  0.020693  0.007810  0.006502\n",
      "2023-11-03 04:00:00+00:00 -0.005181  0.003839  0.012862\n",
      "2023-11-06 05:00:00+00:00  0.014605  0.008225  0.010573\n",
      "2023-11-07 05:00:00+00:00  0.014451  0.021254  0.011219\n",
      "2023-11-08 05:00:00+00:00  0.005885 -0.004415  0.007406\n",
      "\n",
      "[754 rows x 3 columns]\n",
      "AAPL mean: 0.0007580392192901268\n",
      "AMZN mean: -0.0011414444220746664\n",
      "MSFT mean: 0.0008290250824961204\n"
     ]
    }
   ],
   "source": [
    "# Calculate daily returns for all ticker's closing prices\n",
    "daily_returns_tickers = df_combined_tickers.pct_change()\n",
    "daily_returns_tickers.dropna(inplace=True)\n",
    "\n",
    "# Display daily returns for the tickers\n",
    "print(\"\\nDaily Returns for Chosen Stocks:\")\n",
    "print(daily_returns_tickers)\n",
    "\n",
    "mean = {} \n",
    "\n",
    "# Iterate through each stock in the list of tickers\n",
    "for stock in stock_tickers:\n",
    "    # Check if the stock exists in the daily returns columns\n",
    "    if stock in daily_returns_tickers.columns:\n",
    "        mean[stock] = daily_returns_tickers.mean()[stock]  # Calculate mean for the stock and store in the dictionary\n",
    "        print(f'{stock} mean: {mean[stock]}')  # Print the mean of daily returns for the stock"
   ]
  },
  {
   "cell_type": "code",
   "execution_count": 11,
   "id": "175b0d5a-7b46-4545-b9ea-457cd7244a20",
   "metadata": {},
   "outputs": [
    {
     "name": "stdout",
     "output_type": "stream",
     "text": [
      "\n",
      "Daily Returns for SPY:\n",
      "2020-11-10 05:00:00+00:00   -0.001523\n",
      "2020-11-11 05:00:00+00:00    0.007456\n",
      "2020-11-12 05:00:00+00:00   -0.009475\n",
      "2020-11-13 05:00:00+00:00    0.013471\n",
      "2020-11-16 05:00:00+00:00    0.012510\n",
      "                               ...   \n",
      "2023-11-02 04:00:00+00:00    0.019164\n",
      "2023-11-03 04:00:00+00:00    0.009123\n",
      "2023-11-06 05:00:00+00:00    0.002300\n",
      "2023-11-07 05:00:00+00:00    0.002846\n",
      "2023-11-08 05:00:00+00:00    0.000732\n",
      "Name: SPY, Length: 754, dtype: float64\n",
      "\n",
      "SPY mean:\n",
      "0.00033975975529095334\n"
     ]
    }
   ],
   "source": [
    "# Calculate and display daily returns for 'SPY'\n",
    "daily_returns_spy = spyDF.pct_change()\n",
    "daily_returns_spy.dropna(inplace=True)\n",
    "\n",
    "# Display daily returns for 'SPY'\n",
    "print(\"\\nDaily Returns for SPY:\")\n",
    "print(daily_returns_spy)\n",
    "\n",
    "# Calculate and display mean of daily return for 'SPY'\n",
    "mean_spy = daily_returns_spy.mean()\n",
    "print(\"\\nSPY mean:\")\n",
    "print(mean_spy)"
   ]
  },
  {
   "cell_type": "code",
   "execution_count": 12,
   "id": "9a0c1d66-bfc5-4218-a4d6-a5def5a88544",
   "metadata": {},
   "outputs": [
    {
     "name": "stdout",
     "output_type": "stream",
     "text": [
      "AAPL standard deviation: 0.0177839401327225\n",
      "AMZN standard deviation: 0.04183369731744983\n",
      "MSFT standard deviation: 0.017581619238321928\n"
     ]
    }
   ],
   "source": [
    "# Calculate and display standard deviation for each ticker\n",
    "std_devs = {}\n",
    "for stock in stock_tickers:\n",
    "    if stock in daily_returns_tickers.columns:\n",
    "        std_devs[stock] = daily_returns_tickers.std()[stock]\n",
    "        print(f'{stock} standard deviation: {std_devs[stock]}')"
   ]
  },
  {
   "cell_type": "code",
   "execution_count": 13,
   "id": "920a00a4-f778-48fd-959c-74df2e598759",
   "metadata": {},
   "outputs": [
    {
     "name": "stdout",
     "output_type": "stream",
     "text": [
      "\n",
      "Standard Deviation for SPY:\n",
      "0.011131185108019043\n"
     ]
    }
   ],
   "source": [
    "# Calculate and display standard deviation for 'SPY'\n",
    "std_dev_spy = daily_returns_spy.std()\n",
    "print(\"\\nStandard Deviation for SPY:\")\n",
    "print(std_dev_spy)"
   ]
  },
  {
   "cell_type": "code",
   "execution_count": 14,
   "id": "a8156723-ce25-4664-b5d9-0c9dae3824ac",
   "metadata": {},
   "outputs": [
    {
     "name": "stdout",
     "output_type": "stream",
     "text": [
      "\n",
      "Last Day's Closing Prices:\n",
      "AAPL    182.89\n",
      "AMZN    142.08\n",
      "MSFT    363.20\n",
      "Name: 2023-11-08 05:00:00+00:00, dtype: float64\n"
     ]
    }
   ],
   "source": [
    "# Get the last day's closing prices for each ticker\n",
    "last_day_closing_prices = df_combined_tickers.iloc[-1]\n",
    "\n",
    "# Display the last day's closing prices\n",
    "print(\"\\nLast Day's Closing Prices:\")\n",
    "print(last_day_closing_prices)\n"
   ]
  },
  {
   "cell_type": "code",
   "execution_count": 15,
   "id": "2f49f814-80ad-45f0-84f2-477c606eb138",
   "metadata": {},
   "outputs": [
    {
     "name": "stdout",
     "output_type": "stream",
     "text": [
      "\n",
      "Last Day's Closing Price for SPY:\n",
      "437.25\n"
     ]
    }
   ],
   "source": [
    "# Get the last day's closing price for 'SPY'\n",
    "spy_last_day_closing_price = spyDF.iloc[-1]\n",
    "print(\"\\nLast Day's Closing Price for SPY:\")\n",
    "print(spy_last_day_closing_price)"
   ]
  },
  {
   "cell_type": "markdown",
   "id": "81229d80-959e-40f5-a93c-9a6a9b337898",
   "metadata": {},
   "source": [
    "## Part 2 - Monte Carlo Simulations"
   ]
  },
  {
   "cell_type": "code",
   "execution_count": 35,
   "id": "6d2dd5fa-4d7d-423c-8c20-76e03b23aebe",
   "metadata": {},
   "outputs": [
    {
     "name": "stdout",
     "output_type": "stream",
     "text": [
      "[0.75417884 0.00455754 0.24126362]\n",
      "[1.04056750e-01 6.67868538e-17 8.95943250e-01]\n",
      "[7.40608788e-01 7.33497464e-14 2.59391212e-01]\n",
      "[3.65643241e-01 1.38479722e-16 6.34356759e-01]\n",
      "[4.00109052e-01 6.51041721e-15 5.99890948e-01]\n",
      "[9.06823326e-01 7.70053400e-12 9.31766743e-02]\n",
      "[0.34714745 0.         0.65285255]\n",
      "[0.59979623 0.         0.40020377]\n",
      "[0.09691705 0.140092   0.76299095]\n",
      "[0.332903   0.00295786 0.66413914]\n",
      "[0.70158067 0.         0.29841933]\n",
      "[0.44423852 0.         0.55576148]\n",
      "[0.6685834  0.07306185 0.25835475]\n",
      "[0.1835018 0.        0.8164982]\n",
      "[0.52770121 0.         0.47229879]\n",
      "[0.44032623 0.0453905  0.51428328]\n",
      "[1.14455909e-01 2.00317193e-15 8.85544091e-01]\n",
      "[1.00000000e+00 1.64920161e-14 0.00000000e+00]\n",
      "[1.00000000e+00 1.66533454e-16 3.88578059e-16]\n",
      "[9.15483486e-01 8.45165135e-02 1.21594184e-16]\n",
      "[1.50630287e-01 1.47532811e-15 8.49369713e-01]\n",
      "[4.13526671e-01 3.84071230e-16 5.86473329e-01]\n",
      "[0.07831991 0.07418116 0.84749893]\n",
      "[4.26855163e-01 5.73144837e-01 1.51788304e-17]\n",
      "[7.96992914e-01 3.49655201e-16 2.03007086e-01]\n",
      "[0.45251838 0.         0.54748162]\n",
      "[0.26022152 0.         0.73977848]\n",
      "[0.2333578 0.0604215 0.7062207]\n",
      "[3.65970264e-01 1.92417610e-12 6.34029736e-01]\n",
      "[4.31915447e-17 1.15730872e-01 8.84269128e-01]\n",
      "[1.00000000e+00 0.00000000e+00 9.82200432e-15]\n",
      "[0.69532172 0.04476906 0.25990922]\n",
      "[0.10149736 0.02440848 0.87409417]\n",
      "[1.00000000e+00 1.72431514e-14 0.00000000e+00]\n",
      "[0.61769184 0.0250539  0.35725426]\n",
      "[0.36434875 0.         0.63565125]\n",
      "[4.35352859e-01 7.03755196e-13 5.64647141e-01]\n",
      "[0.3444438 0.        0.6555562]\n",
      "[1.52113834e-01 8.44593492e-17 8.47886166e-01]\n",
      "[0.18126115 0.         0.81873885]\n",
      "[0.29791871 0.21470588 0.4873754 ]\n",
      "[2.63849540e-01 3.88252798e-16 7.36150460e-01]\n",
      "[3.18767999e-16 1.27675648e-15 1.00000000e+00]\n",
      "[5.59310305e-01 9.59855025e-14 4.40689695e-01]\n",
      "[0.22325609 0.         0.77674391]\n",
      "[8.15152757e-01 1.54216917e-15 1.84847243e-01]\n",
      "[1.00000000e+00 0.00000000e+00 2.77555756e-14]\n",
      "[0.45875778 0.         0.54124222]\n",
      "[0.72130879 0.         0.27869121]\n",
      "[4.51645226e-01 7.81492926e-16 5.48354774e-01]\n",
      "[4.99600361e-16 0.00000000e+00 1.00000000e+00]\n",
      "[7.33326228e-01 1.96170294e-12 2.66673772e-01]\n",
      "[8.49975641e-01 2.47740196e-17 1.50024359e-01]\n",
      "[1.98015054e-01 1.77074724e-17 8.01984946e-01]\n",
      "[4.35175685e-01 3.11182070e-13 5.64824315e-01]\n",
      "[2.84772192e-01 2.60208521e-18 7.15227808e-01]\n",
      "[1.00000000e+00 8.38933523e-13 4.32617484e-13]\n",
      "[0.41816658 0.33248808 0.24934533]\n",
      "[0.39627248 0.         0.60372752]\n",
      "[0.82202502 0.         0.17797498]\n",
      "[2.17221213e-01 9.48394975e-15 7.82778787e-01]\n",
      "[0.23418967 0.13347906 0.63233127]\n",
      "[6.55680123e-01 2.89601242e-14 3.44319877e-01]\n",
      "[0.00000000e+00 3.18256706e-15 1.00000000e+00]\n",
      "[1.00000000e+00 7.38992201e-16 2.35922393e-16]\n",
      "[0.64872833 0.         0.35127167]\n",
      "[3.68813779e-01 7.30969105e-15 6.31186221e-01]\n",
      "[0.00000000e+00 5.55111512e-17 1.00000000e+00]\n",
      "[4.26753969e-01 2.78718021e-14 5.73246031e-01]\n",
      "[0.00000000e+00 7.21644966e-16 1.00000000e+00]\n",
      "[2.29468411e-01 1.84539314e-16 7.70531589e-01]\n",
      "[0.1524897 0.2553915 0.5921188]\n",
      "[0.53424767 0.03151819 0.43423414]\n",
      "[0.58442216 0.05746096 0.35811688]\n",
      "[5.81182093e-01 4.32916506e-15 4.18817907e-01]\n",
      "[0.31262419 0.09375569 0.59362012]\n",
      "[4.86738199e-01 1.49880108e-15 5.13261801e-01]\n",
      "[4.66450713e-01 3.34484870e-15 5.33549287e-01]\n",
      "[4.08591001e-01 4.44848151e-16 5.91408999e-01]\n",
      "[0.6212825 0.        0.3787175]\n",
      "[2.09792961e-01 1.47075364e-15 7.90207039e-01]\n",
      "[6.20822838e-14 9.74220704e-14 1.00000000e+00]\n",
      "[0.26096297 0.01304963 0.7259874 ]\n",
      "[0.87230622 0.         0.12769378]\n",
      "[4.39734858e-01 7.02129327e-16 5.60265142e-01]\n",
      "[0.94994725 0.         0.05005275]\n",
      "[0.41722124 0.15643246 0.4263463 ]\n",
      "[3.60728989e-01 6.99310401e-17 6.39271011e-01]\n",
      "[0.22608926 0.01530991 0.75860083]\n",
      "[0.6746974  0.21419054 0.11111206]\n",
      "[0.35510365 0.11013208 0.53476426]\n",
      "[0.32587012 0.14809579 0.52603409]\n",
      "[0.54474674 0.01309349 0.44215977]\n",
      "[0.3477667  0.03198585 0.62024745]\n",
      "[0.56842984 0.18839964 0.24317052]\n",
      "[2.84183058e-01 7.07441918e-18 7.15816942e-01]\n",
      "[0.69670203 0.         0.30329797]\n",
      "[5.30084530e-01 4.75346674e-14 4.69915470e-01]\n",
      "[5.14449612e-01 1.06666931e-16 4.85550388e-01]\n",
      "[6.75380551e-14 1.27073699e-13 1.00000000e+00]\n",
      "[4.61099111e-01 4.05310680e-16 5.38900889e-01]\n",
      "[0.24524308 0.19104817 0.56370876]\n",
      "[0.84394133 0.04021784 0.11584082]\n",
      "[1.67476780e-16 1.29463599e-01 8.70536401e-01]\n",
      "[3.33193828e-01 4.76615275e-16 6.66806172e-01]\n",
      "[3.92511305e-01 2.16840434e-19 6.07488695e-01]\n",
      "[0.67372583 0.         0.32627417]\n",
      "[0.55127503 0.         0.44872497]\n",
      "[1.62223328e-01 9.63205210e-16 8.37776672e-01]\n",
      "[0.41664114 0.06462683 0.51873203]\n"
     ]
    },
    {
     "name": "stderr",
     "output_type": "stream",
     "text": [
      "/var/folders/bk/8p802pg50f31n1clyfc4y7700000gn/T/ipykernel_38616/4207142269.py:35: PerformanceWarning: DataFrame is highly fragmented.  This is usually the result of calling `frame.insert` many times, which has poor performance.  Consider joining all columns at once using pd.concat(axis=1) instead.  To get a de-fragmented frame, use `newframe = frame.copy()`\n",
      "  simulated_prices_stocks[stock][simulation_index] = pd.Series(simulated_prices_dict[stock])\n",
      "/var/folders/bk/8p802pg50f31n1clyfc4y7700000gn/T/ipykernel_38616/4207142269.py:81: PerformanceWarning: DataFrame is highly fragmented.  This is usually the result of calling `frame.insert` many times, which has poor performance.  Consider joining all columns at once using pd.concat(axis=1) instead.  To get a de-fragmented frame, use `newframe = frame.copy()`\n",
      "  monte_carlo_results[simulation_index] = (1 + portfolio_daily_returns.fillna(0)).cumprod()\n",
      "/var/folders/bk/8p802pg50f31n1clyfc4y7700000gn/T/ipykernel_38616/4207142269.py:82: PerformanceWarning: DataFrame is highly fragmented.  This is usually the result of calling `frame.insert` many times, which has poor performance.  Consider joining all columns at once using pd.concat(axis=1) instead.  To get a de-fragmented frame, use `newframe = frame.copy()`\n",
      "  monte_carlo_spy_results[simulation_index] = (1 + simulated_spy_returns.fillna(0)).cumprod()\n"
     ]
    },
    {
     "name": "stdout",
     "output_type": "stream",
     "text": [
      "[0.32848371 0.         0.67151629]\n",
      "[0.00000000e+00 1.11022302e-16 1.00000000e+00]\n",
      "[0.27994912 0.         0.72005088]\n",
      "[2.39263451e-01 5.20417043e-17 7.60736549e-01]\n",
      "[2.22044605e-16 0.00000000e+00 1.00000000e+00]\n",
      "[0.7002749 0.        0.2997251]\n",
      "[0.82075373 0.         0.17924627]\n",
      "[2.75436532e-01 4.00892384e-12 7.24563468e-01]\n",
      "[4.00617226e-16 1.00000000e+00 0.00000000e+00]\n",
      "[8.08655807e-01 1.71087103e-16 1.91344193e-01]\n",
      "[5.81534602e-01 1.14476571e-14 4.18465398e-01]\n",
      "[0.64138557 0.18960701 0.16900742]\n",
      "[0.8184777 0.        0.1815223]\n",
      "[0.53521245 0.         0.46478755]\n",
      "[0.         0.05258327 0.94741673]\n",
      "[0.90597042 0.         0.09402958]\n",
      "[0.25209192 0.07374674 0.67416133]\n",
      "[0.54357239 0.         0.45642761]\n",
      "[4.97158574e-01 1.85786302e-15 5.02841426e-01]\n",
      "[5.13326703e-01 4.02887359e-14 4.86673297e-01]\n",
      "[0.00000000e+00 6.10622664e-16 1.00000000e+00]\n",
      "[0.79752116 0.07576018 0.12671866]\n",
      "[0.58703915 0.         0.41296085]\n",
      "[4.39482737e-01 6.41847686e-17 5.60517263e-01]\n",
      "[0.9543908 0.        0.0456092]\n",
      "[3.76167411e-01 1.14220699e-16 6.23832589e-01]\n",
      "[0.89076189 0.08851088 0.02072722]\n",
      "[4.98610595e-01 2.39387069e-13 5.01389405e-01]\n",
      "[5.21098811e-01 1.81769240e-15 4.78901189e-01]\n",
      "[0.29989157 0.         0.70010843]\n",
      "[0.70849368 0.         0.29150632]\n",
      "[4.35665928e-01 1.61546124e-17 5.64334072e-01]\n",
      "[5.55111512e-17 0.00000000e+00 1.00000000e+00]\n",
      "[3.42543970e-01 1.54322174e-11 6.57456030e-01]\n",
      "[0.83107619 0.         0.16892381]\n",
      "[1.838113e-14 0.000000e+00 1.000000e+00]\n",
      "[2.89472394e-01 1.31838984e-16 7.10527606e-01]\n",
      "[4.44089210e-16 2.22044605e-16 1.00000000e+00]\n",
      "[0.12425794 0.13053629 0.74520577]\n",
      "[0.09230183 0.         0.90769817]\n",
      "[0.68204202 0.         0.31795798]\n",
      "[7.74325117e-01 5.86228115e-16 2.25674883e-01]\n",
      "[6.68363849e-01 8.89045781e-18 3.31636151e-01]\n",
      "[0.40659172 0.08400436 0.50940393]\n",
      "[9.75183447e-01 8.20524204e-16 2.48165527e-02]\n",
      "[5.25339359e-01 2.45957138e-15 4.74660641e-01]\n",
      "[0.6390004 0.        0.3609996]\n",
      "[1.00000000e+00 2.56877852e-14 7.89646126e-15]\n",
      "[1.00000000e+00 0.00000000e+00 5.55111512e-17]\n",
      "[0.90702447 0.08056601 0.01240952]\n",
      "[3.01891035e-01 3.76169365e-15 6.98108965e-01]\n",
      "[0.09460385 0.02191416 0.88348198]\n",
      "[0.40094099 0.00680852 0.59225048]\n",
      "[0.5753266  0.02097284 0.40370056]\n",
      "[0.02969702 0.         0.97030298]\n",
      "[2.10324044e-17 4.72699246e-01 5.27300754e-01]\n",
      "[3.01053220e-01 1.00939222e-16 6.98946780e-01]\n",
      "[1.00000000e+00 1.14144805e-15 7.28583860e-16]\n",
      "[0.46666278 0.02815216 0.50518506]\n",
      "[9.72241442e-02 7.32920669e-17 9.02775856e-01]\n",
      "[0.5213466 0.        0.4786534]\n",
      "[0.87983195 0.08246225 0.0377058 ]\n",
      "[1.66533454e-16 0.00000000e+00 1.00000000e+00]\n",
      "[5.50384913e-01 3.76509000e-17 4.49615087e-01]\n",
      "[5.42613036e-01 3.40578260e-14 4.57386964e-01]\n",
      "[0.31359408 0.         0.68640592]\n",
      "[0.38574894 0.03125438 0.58299668]\n",
      "[0.00000000e+00 9.46812073e-15 1.00000000e+00]\n",
      "[0.6298979 0.        0.3701021]\n",
      "[0.62970843 0.12475837 0.24553319]\n",
      "[5.55111512e-17 0.00000000e+00 1.00000000e+00]\n",
      "[0.58486929 0.         0.41513071]\n",
      "[0.23084074 0.         0.76915926]\n",
      "[6.44103472e-01 2.76471554e-17 3.55896528e-01]\n",
      "[0.49089242 0.02819814 0.48090944]\n",
      "[8.20914126e-01 2.45858021e-13 1.79085874e-01]\n",
      "[3.02465124e-01 1.00093545e-15 6.97534876e-01]\n",
      "[9.68760792e-01 7.31294365e-16 3.12392081e-02]\n",
      "[1.00000000e+00 2.63677968e-16 3.46944695e-18]\n",
      "[9.43689571e-16 0.00000000e+00 1.00000000e+00]\n",
      "[5.39898657e-01 2.02100923e-13 4.60101343e-01]\n",
      "[6.34163042e-01 4.16333634e-16 3.65836958e-01]\n",
      "[4.87527067e-01 3.29597460e-16 5.12472933e-01]\n",
      "[0.23575059 0.1259339  0.63831551]\n",
      "[0.08423567 0.         0.91576433]\n",
      "[6.62206923e-01 2.21587214e-17 3.37793077e-01]\n",
      "[7.69481743e-01 7.58941521e-19 2.30518257e-01]\n",
      "[0.88478485 0.08306213 0.03215302]\n",
      "[0.43837464 0.         0.56162536]\n",
      "[1.00000000e+00 1.66533454e-16 0.00000000e+00]\n",
      "[0.44029423 0.04755159 0.51215418]\n",
      "[6.26718652e-01 3.29633456e-13 3.73281348e-01]\n",
      "[0.77366607 0.         0.22633393]\n",
      "[1.00000000e+00 5.55111512e-17 5.55111512e-17]\n",
      "[0.61422929 0.         0.38577071]\n",
      "[0.7838711 0.        0.2161289]\n",
      "[0.42650326 0.         0.57349674]\n",
      "[4.27847764e-01 5.75386093e-16 5.72152236e-01]\n",
      "[1.05471187e-15 0.00000000e+00 1.00000000e+00]\n",
      "[1.00000000e+00 0.00000000e+00 1.66533454e-16]\n",
      "[0.63109981 0.03457397 0.33432622]\n",
      "[5.2610731e-01 1.6962343e-16 4.7389269e-01]\n",
      "[0.15684244 0.18861122 0.65454634]\n",
      "[6.29416658e-13 0.00000000e+00 1.00000000e+00]\n",
      "[5.30765467e-01 2.78900167e-14 4.69234533e-01]\n",
      "[4.13073543e-01 3.79177285e-16 5.86926457e-01]\n",
      "[1.61849359e-15 9.99200722e-15 1.00000000e+00]\n",
      "[4.60957165e-01 5.08477103e-16 5.39042835e-01]\n",
      "[0.57206316 0.13832686 0.28960998]\n",
      "[5.55111512e-17 5.55111512e-17 1.00000000e+00]\n",
      "[2.63677968e-16 0.00000000e+00 1.00000000e+00]\n",
      "[5.27934507e-01 3.71664505e-16 4.72065493e-01]\n",
      "[0.35299065 0.01883171 0.62817763]\n",
      "[0.27706735 0.         0.72293265]\n",
      "[0.80679222 0.         0.19320778]\n",
      "[7.07253175e-01 6.89929884e-14 2.92746825e-01]\n",
      "[3.22198967e-01 6.70036943e-17 6.77801033e-01]\n",
      "[2.83851442e-01 3.90312782e-18 7.16148558e-01]\n",
      "[0.59422475 0.0709346  0.33484066]\n",
      "[0.57508524 0.         0.42491476]\n",
      "[9.32564124e-02 1.60461922e-16 9.06743588e-01]\n",
      "[0.21154039 0.04353064 0.74492897]\n",
      "[0.15060273 0.61179194 0.23760532]\n",
      "[0.00000000e+00 1.16573418e-15 1.00000000e+00]\n",
      "[2.03860533e-01 6.23849930e-16 7.96139467e-01]\n",
      "[3.70608522e-01 2.09251019e-17 6.29391478e-01]\n",
      "[6.75506178e-01 8.80539673e-14 3.24493822e-01]\n",
      "[3.01992986e-01 1.78605905e-15 6.98007014e-01]\n",
      "[0.64505859 0.0276123  0.32732912]\n",
      "[0.52728335 0.11132905 0.3613876 ]\n",
      "[0.47024379 0.         0.52975621]\n",
      "[0.40552927 0.         0.59447073]\n",
      "[4.24728002e-01 5.81132364e-17 5.75271998e-01]\n",
      "[0.510071   0.04770125 0.44222775]\n",
      "[3.78683196e-13 0.00000000e+00 1.00000000e+00]\n",
      "[5.67521899e-01 6.69467736e-16 4.32478101e-01]\n",
      "[6.18917721e-01 2.58387875e-13 3.81082279e-01]\n",
      "[7.13439858e-01 1.45283091e-17 2.86560142e-01]\n",
      "[6.64200267e-01 1.54794255e-15 3.35799733e-01]\n",
      "[1. 0. 0.]\n",
      "[0.76071146 0.         0.23928854]\n",
      "[0.21039317 0.         0.78960683]\n",
      "[0.12148053 0.         0.87851947]\n",
      "[0.24059722 0.         0.75940278]\n",
      "[4.89467538e-01 5.10331882e-16 5.10532462e-01]\n",
      "[0.94112102 0.         0.05887898]\n",
      "[4.16954027e-01 1.54986701e-15 5.83045973e-01]\n",
      "[5.62803886e-01 9.23719651e-14 4.37196114e-01]\n",
      "[7.18203994e-01 4.20536002e-14 2.81796006e-01]\n",
      "[9.25494440e-01 6.93889390e-18 7.45055598e-02]\n",
      "[0.00000000e+00 4.99600361e-16 1.00000000e+00]\n",
      "[1.32532874e-15 0.00000000e+00 1.00000000e+00]\n",
      "[8.49917643e-01 9.30258474e-13 1.50082357e-01]\n",
      "[1.00000000e+00 0.00000000e+00 3.33066907e-16]\n",
      "[1.00000000e+00 0.00000000e+00 2.49800181e-16]\n",
      "[4.16092547e-01 1.49012747e-15 5.83907453e-01]\n",
      "[5.44407342e-01 4.19735610e-16 4.55592658e-01]\n",
      "[6.36102260e-02 6.76975836e-16 9.36389774e-01]\n",
      "[0.1969068 0.        0.8030932]\n",
      "[1.00000000e+00 0.00000000e+00 2.77555756e-16]\n",
      "[2.89705398e-01 8.87096844e-16 7.10294602e-01]\n",
      "[0.84130617 0.         0.15869383]\n",
      "[1.11022302e-16 0.00000000e+00 1.00000000e+00]\n",
      "[0.45649888 0.02723178 0.51626934]\n",
      "[6.26613043e-01 1.06533705e-15 3.73386957e-01]\n",
      "[0.31019849 0.07697729 0.61282421]\n",
      "[5.82535583e-01 3.16608718e-15 4.17464417e-01]\n",
      "[1.0000000e+00 2.3390144e-14 0.0000000e+00]\n",
      "[0.23103184 0.11612315 0.65284501]\n",
      "[0.29512932 0.         0.70487068]\n",
      "[0.61637507 0.0954125  0.28821243]\n",
      "[3.90532824e-01 1.88089042e-17 6.09467176e-01]\n",
      "[0.         0.12091904 0.87908096]\n",
      "[5.28430878e-01 9.96341833e-14 4.71569122e-01]\n",
      "[0. 0. 1.]\n",
      "[0.42332401 0.         0.57667599]\n",
      "[0.57567864 0.11745183 0.30686953]\n",
      "[0.54393055 0.         0.45606945]\n",
      "[8.43131632e-01 6.23016721e-14 1.56868368e-01]\n",
      "[0.63345948 0.0679729  0.29856762]\n",
      "[6.74358487e-01 1.60028241e-16 3.25641513e-01]\n",
      "[2.18379556e-01 1.38671795e-16 7.81620444e-01]\n",
      "[0.78433615 0.         0.21566385]\n",
      "[1.5023146e-18 1.7974048e-01 8.2025952e-01]\n",
      "[1.11022302e-16 3.33066907e-16 1.00000000e+00]\n",
      "[5.48641439e-01 1.19271780e-13 4.51358561e-01]\n",
      "[0.30322467 0.         0.69677533]\n",
      "[0.7022736 0.        0.2977264]\n",
      "[0.70870705 0.         0.29129295]\n",
      "[7.66312392e-01 7.04901957e-13 2.33687608e-01]\n",
      "[2.93852720e-01 2.91282623e-13 7.06147280e-01]\n",
      "[3.58879593e-14 1.26260113e-13 1.00000000e+00]\n",
      "[0.00000000e+00 1.39058903e-13 1.00000000e+00]\n",
      "[0.78403814 0.         0.21596186]\n",
      "[3.01472913e-01 4.14249798e-14 6.98527087e-01]\n",
      "[5.55111512e-17 5.55111512e-17 1.00000000e+00]\n",
      "[6.39974591e-01 1.70018097e-16 3.60025409e-01]\n",
      "[0.44966018 0.         0.55033982]\n",
      "[5.24933089e-01 7.86382678e-15 4.75066911e-01]\n",
      "[0.76560064 0.         0.23439936]\n",
      "[0.21650526 0.         0.78349474]\n",
      "[0.46294067 0.33832305 0.19873628]\n",
      "[3.87721778e-01 8.58062211e-13 6.12278222e-01]\n",
      "[0.12872712 0.12660228 0.7446706 ]\n",
      "[0.89488684 0.         0.10511316]\n",
      "[0.38214409 0.         0.61785591]\n",
      "[5.63855659e-01 2.38996214e-15 4.36144341e-01]\n",
      "[6.90279121e-01 1.30754782e-16 3.09720879e-01]\n",
      "[0.93693607 0.         0.06306393]\n",
      "[0.21768438 0.24201098 0.54030464]\n",
      "[1.83419293e-01 1.79533038e-15 8.16580707e-01]\n",
      "[0.22276487 0.         0.77723513]\n",
      "[0.20109983 0.         0.79890017]\n",
      "[1.00000000e+00 0.00000000e+00 1.66533454e-16]\n",
      "[0.61291244 0.00062535 0.38646222]\n",
      "[4.89357429e-01 1.08651293e-17 5.10642571e-01]\n",
      "[1.00000000e+00 0.00000000e+00 5.55111512e-17]\n",
      "[1.00000000e+00 4.99600361e-16 0.00000000e+00]\n",
      "[5.67880642e-01 3.43294486e-17 4.32119358e-01]\n",
      "[8.60648891e-01 1.39351109e-01 1.77803360e-16]\n",
      "[4.94924847e-01 9.51130369e-16 5.05075153e-01]\n",
      "[0.19884844 0.16375279 0.63739877]\n",
      "[1.00000000e+00 0.00000000e+00 3.71230824e-16]\n",
      "[6.67420404e-01 1.50996837e-15 3.32579596e-01]\n",
      "[1.00000000e+00 5.45313794e-13 8.56106852e-13]\n",
      "[0.54164229 0.         0.45835771]\n",
      "[0.62364963 0.         0.37635037]\n",
      "[0.52340555 0.         0.47659445]\n",
      "[1.65137951e-02 1.25389499e-13 9.83486205e-01]\n",
      "[0.54573871 0.21622982 0.23803147]\n",
      "[0.51422134 0.         0.48577866]\n",
      "[0.19593259 0.         0.80406741]\n",
      "[0.0895476  0.28634748 0.62410492]\n",
      "[0.24853453 0.07135794 0.68010753]\n",
      "[5.68955555e-01 8.03393810e-16 4.31044445e-01]\n",
      "[0.00000000e+00 1.05471187e-15 1.00000000e+00]\n",
      "[0.18134162 0.42554889 0.39310949]\n",
      "[6.84771224e-01 4.74292047e-13 3.15228776e-01]\n",
      "[6.56010089e-01 1.27849868e-12 3.43989911e-01]\n",
      "[3.3029135e-15 0.0000000e+00 1.0000000e+00]\n",
      "[0.44708511 0.07523535 0.47767954]\n",
      "[2.16095828e-02 8.41991407e-16 9.78390417e-01]\n",
      "[0.38054918 0.         0.61945082]\n",
      "[5.00771533e-18 2.59159385e-01 7.40840615e-01]\n",
      "[5.39519620e-01 4.71617103e-14 4.60480380e-01]\n",
      "[0.5069358  0.02671231 0.46635189]\n",
      "[0.00000000e+00 1.00000000e+00 8.32667268e-17]\n",
      "[0.90063137 0.04975974 0.04960888]\n",
      "[5.99306229e-01 2.26687750e-16 4.00693771e-01]\n",
      "[1.60246891e-17 1.00000000e+00 2.77555756e-17]\n",
      "[1.00000000e+00 0.00000000e+00 3.33066907e-16]\n",
      "[0.36674184 0.         0.63325816]\n",
      "[0.05320166 0.         0.94679834]\n",
      "[0.44823266 0.         0.55176734]\n",
      "[3.66386242e-01 9.82748287e-18 6.33613758e-01]\n",
      "[0.50485334 0.28525278 0.20989387]\n",
      "[0.47551196 0.03872598 0.48576206]\n",
      "[6.34723144e-01 8.66271070e-17 3.65276856e-01]\n",
      "[0.21361076 0.37289352 0.41349573]\n",
      "[0.46375918 0.0381094  0.49813141]\n",
      "[0.73113143 0.         0.26886857]\n",
      "[3.65223925e-01 4.74501081e-16 6.34776075e-01]\n",
      "[9.64835523e-01 2.58994215e-15 3.51644773e-02]\n",
      "[1.00000000e+00 0.00000000e+00 2.77555756e-16]\n",
      "[0.57112392 0.03236762 0.39650846]\n",
      "[5.34993328e-01 1.70200768e-15 4.65006672e-01]\n",
      "[0.5515144  0.03127949 0.41720611]\n",
      "[0.87588253 0.         0.12411747]\n",
      "[6.27062294e-01 2.28349241e-15 3.72937706e-01]\n",
      "[0.00000000e+00 1.26279282e-12 1.00000000e+00]\n",
      "[0.60224644 0.0044442  0.39330936]\n",
      "[1.0000000e+00 8.8961824e-14 0.0000000e+00]\n",
      "[0.25930056 0.         0.74069944]\n",
      "[0.98985254 0.         0.01014746]\n",
      "[0.40915832 0.05284722 0.53799446]\n",
      "[8.23168492e-01 1.76831508e-01 3.44505240e-17]\n",
      "[0.39277293 0.         0.60722707]\n",
      "[0.42886143 0.         0.57113857]\n",
      "[1.66533454e-16 0.00000000e+00 1.00000000e+00]\n",
      "[0.01245416 0.         0.98754584]\n",
      "[0.44449644 0.02613007 0.52937349]\n",
      "[1. 0. 0.]\n",
      "[0.31334087 0.02468821 0.66197092]\n",
      "[1.11022302e-16 0.00000000e+00 1.00000000e+00]\n",
      "[0.874147 0.       0.125853]\n",
      "[1.76525461e-14 0.00000000e+00 1.00000000e+00]\n",
      "[4.00617226e-16 1.55431223e-15 1.00000000e+00]\n",
      "[0.73634714 0.         0.26365286]\n",
      "[3.68603680e-01 5.45983459e-04 6.30850337e-01]\n",
      "[0.45019257 0.         0.54980743]\n",
      "[5.55111512e-17 0.00000000e+00 1.00000000e+00]\n",
      "[0.92603792 0.01099572 0.06296636]\n",
      "[0.38158059 0.         0.61841941]\n",
      "[0.27668932 0.         0.72331068]\n",
      "[9.27063397e-01 7.29366028e-02 1.60461922e-17]\n",
      "[0.40448622 0.         0.59551378]\n",
      "[6.62324444e-01 3.13898213e-15 3.37675556e-01]\n",
      "[0.90643841 0.03083533 0.06272626]\n",
      "[3.88881592e-01 1.05166743e-13 6.11118408e-01]\n",
      "[0.74379018 0.         0.25620982]\n",
      "[6.02511891e-01 1.36941240e-14 3.97488109e-01]\n",
      "[0.00000000e+00 2.22044605e-16 1.00000000e+00]\n",
      "[4.87227909e-01 1.94505436e-13 5.12772091e-01]\n",
      "[5.16885444e-01 1.24849518e-16 4.83114556e-01]\n",
      "[0.00000000e+00 1.77635684e-15 1.00000000e+00]\n",
      "[6.24500451e-17 0.00000000e+00 1.00000000e+00]\n",
      "[0.44115208 0.04682792 0.51202   ]\n",
      "[9.76687481e-13 1.82068423e-12 1.00000000e+00]\n",
      "[3.43421099e-01 2.25514052e-17 6.56578901e-01]\n",
      "[7.15052469e-01 3.07972506e-13 2.84947531e-01]\n",
      "[5.19329671e-01 1.59164319e-17 4.80670329e-01]\n",
      "[9.59859206e-01 4.01407942e-02 1.95156391e-18]\n",
      "[0.11989358 0.09056317 0.78954325]\n",
      "[6.93001613e-01 8.84163010e-16 3.06998387e-01]\n",
      "[0.81769039 0.         0.18230961]\n",
      "[0.         0.03413567 0.96586433]\n",
      "[1.00000000e+00 0.00000000e+00 1.31838984e-16]\n",
      "[5.69982942e-01 4.81385765e-17 4.30017058e-01]\n",
