{
 "cells": [
  {
   "cell_type": "code",
   "execution_count": 1,
   "id": "6f2c2822-b428-4196-bb30-17dac97263e6",
   "metadata": {},
   "outputs": [],
   "source": [
    "#importing necessary libraries \n",
    "import numpy as np\n",
    "import pandas as pd\n",
    "import os\n",
    "from datetime import datetime, timedelta\n",
    "import matplotlib.pyplot as plt\n",
    "import alpaca_trade_api as tradeapi\n",
    "import yfinance as yf\n",
    "from urllib.parse import quote\n",
    "import seaborn as sns #library not from class\n",
    "%matplotlib inline\n",
    "from scipy.optimize import minimize"
   ]
  },
  {
   "cell_type": "code",
   "execution_count": 2,
   "id": "cca085cb-8f52-435b-af02-c416407f43c5",
   "metadata": {},
   "outputs": [
    {
     "data": {
      "text/plain": [
       "True"
      ]
     },
     "execution_count": 2,
     "metadata": {},
     "output_type": "execute_result"
    }
   ],
   "source": [
    "#Load .env environment variables\n",
    "from dotenv import load_dotenv\n",
    "load_dotenv()\n"
   ]
  },
  {
   "cell_type": "code",
   "execution_count": 3,
   "id": "56825116-655f-4f55-b6f3-81aefa2c9a5e",
   "metadata": {},
   "outputs": [],
   "source": [
    "# Set a random seed for reproducibility\n",
    "np.random.seed(40)"
   ]
  },
  {
   "cell_type": "code",
   "execution_count": 4,
   "id": "5f29a1d5-301c-4906-a1d0-a0fc5e7dab0c",
   "metadata": {},
   "outputs": [],
   "source": [
    "# Set Alpaca API key and secret\n",
    "APCA_API_KEY_ID = os.getenv(\"APCA_API_KEY\")\n",
    "APCA_API_SECRET_KEY = os.getenv(\"APCA_SECRET_KEY\")\n",
    "ALPACA_ENDPOINT_KEY = os.getenv(\"ALPACA_END_POINT\")\n",
    "\n",
    "#ensuring api keys are correct \n",
    "#print(os.getenv(\"APCA_API_KEY_ID\"))\n",
    "#print(os.getenv(\"APCA_API_SECRET_KEY\"))\n",
    "#print(os.getenv(\"ALPACA_ENDPOINT_KEY\"))\n",
    "\n",
    "# Create the Alpaca API object\n",
    "alpaca = tradeapi.REST(APCA_API_KEY_ID, APCA_API_SECRET_KEY, api_version=\"v2\",base_url= ALPACA_ENDPOINT_KEY)"
   ]
  },
  {
   "cell_type": "markdown",
   "id": "25c499e0-7c41-4450-8010-d58a446409c5",
   "metadata": {},
   "source": [
    "## Part 1 - Portfolio Optimization \n"
   ]
  },
  {
   "cell_type": "code",
   "execution_count": 34,
   "id": "432c91f0-8e13-4f25-830f-f38fad7018f6",
   "metadata": {},
   "outputs": [
    {
     "name": "stdout",
     "output_type": "stream",
     "text": [
      "The initial investment is: $10000\n",
      "The selected stocks are: ['AAPL', 'AMZN', 'MSFT']\n",
      "The start date is: 2020-11-08\n",
      "The start date is: 2020-11-08\n",
      "The number of monte carlo simulations is: 500\n"
     ]
    }
   ],
   "source": [
    "#initializing variables\n",
    "initial_investment = 10000\n",
    "print(f'The initial investment is: ${initial_investment}')\n",
    "\n",
    "stock_tickers = ['AAPL', 'AMZN', 'MSFT'] \n",
    "ticker_string = ', '.join(stock_tickers)\n",
    "print(f'The selected stocks are: {stock_tickers}')\n",
    "\n",
    "start_date = '2020-11-08'  # Set your desired start date\n",
    "print(f'The start date is: {start_date}')\n",
    "\n",
    "end_date = '2023-11-08'  # Set your desired start date\n",
    "print(f'The start date is: {start_date}')\n",
    "\n",
    "num_sims = 500 \n",
    "print(f'The number of monte carlo simulations is: {num_sims}')\n",
    "\n",
    "num_years = 3"
   ]
  },
  {
   "cell_type": "markdown",
   "id": "68eb5088-3638-4037-b357-0a77f71c2606",
   "metadata": {},
   "source": [
    "### Import S&P500 Data From Alpacas and Display Closing Prices From Chosen Stocks"
   ]
  },
  {
   "cell_type": "code",
   "execution_count": 6,
   "id": "5f77af5b-77d2-49a5-8252-fea9f77b5deb",
   "metadata": {},
   "outputs": [
    {
     "data": {
      "text/html": [
       "<div>\n",
       "<style scoped>\n",
       "    .dataframe tbody tr th:only-of-type {\n",
       "        vertical-align: middle;\n",
       "    }\n",
       "\n",
       "    .dataframe tbody tr th {\n",
       "        vertical-align: top;\n",
       "    }\n",
       "\n",
       "    .dataframe thead th {\n",
       "        text-align: right;\n",
       "    }\n",
       "</style>\n",
       "<table border=\"1\" class=\"dataframe\">\n",
       "  <thead>\n",
       "    <tr style=\"text-align: right;\">\n",
       "      <th></th>\n",
       "      <th>AAPL</th>\n",
       "      <th>AMZN</th>\n",
       "      <th>MSFT</th>\n",
       "    </tr>\n",
       "  </thead>\n",
       "  <tbody>\n",
       "    <tr>\n",
       "      <th>2020-11-09 05:00:00+00:00</th>\n",
       "      <td>116.32</td>\n",
       "      <td>3143.74</td>\n",
       "      <td>218.39</td>\n",
       "    </tr>\n",
       "    <tr>\n",
       "      <th>2020-11-10 05:00:00+00:00</th>\n",
       "      <td>116.00</td>\n",
       "      <td>3035.02</td>\n",
       "      <td>211.01</td>\n",
       "    </tr>\n",
       "    <tr>\n",
       "      <th>2020-11-11 05:00:00+00:00</th>\n",
       "      <td>119.49</td>\n",
       "      <td>3137.39</td>\n",
       "      <td>216.55</td>\n",
       "    </tr>\n",
       "    <tr>\n",
       "      <th>2020-11-12 05:00:00+00:00</th>\n",
       "      <td>119.21</td>\n",
       "      <td>3110.28</td>\n",
       "      <td>215.44</td>\n",
       "    </tr>\n",
       "    <tr>\n",
       "      <th>2020-11-13 05:00:00+00:00</th>\n",
       "      <td>119.26</td>\n",
       "      <td>3128.81</td>\n",
       "      <td>216.51</td>\n",
       "    </tr>\n",
       "    <tr>\n",
       "      <th>...</th>\n",
       "      <td>...</td>\n",
       "      <td>...</td>\n",
       "      <td>...</td>\n",
       "    </tr>\n",
       "    <tr>\n",
       "      <th>2023-11-02 04:00:00+00:00</th>\n",
       "      <td>177.57</td>\n",
       "      <td>138.07</td>\n",
       "      <td>348.32</td>\n",
       "    </tr>\n",
       "    <tr>\n",
       "      <th>2023-11-03 04:00:00+00:00</th>\n",
       "      <td>176.65</td>\n",
       "      <td>138.60</td>\n",
       "      <td>352.80</td>\n",
       "    </tr>\n",
       "    <tr>\n",
       "      <th>2023-11-06 05:00:00+00:00</th>\n",
       "      <td>179.23</td>\n",
       "      <td>139.74</td>\n",
       "      <td>356.53</td>\n",
       "    </tr>\n",
       "    <tr>\n",
       "      <th>2023-11-07 05:00:00+00:00</th>\n",
       "      <td>181.82</td>\n",
       "      <td>142.71</td>\n",
       "      <td>360.53</td>\n",
       "    </tr>\n",
       "    <tr>\n",
       "      <th>2023-11-08 05:00:00+00:00</th>\n",
       "      <td>182.89</td>\n",
       "      <td>142.08</td>\n",
       "      <td>363.20</td>\n",
       "    </tr>\n",
       "  </tbody>\n",
       "</table>\n",
       "<p>755 rows × 3 columns</p>\n",
       "</div>"
      ],
      "text/plain": [
       "                             AAPL     AMZN    MSFT\n",
       "2020-11-09 05:00:00+00:00  116.32  3143.74  218.39\n",
       "2020-11-10 05:00:00+00:00  116.00  3035.02  211.01\n",
       "2020-11-11 05:00:00+00:00  119.49  3137.39  216.55\n",
       "2020-11-12 05:00:00+00:00  119.21  3110.28  215.44\n",
       "2020-11-13 05:00:00+00:00  119.26  3128.81  216.51\n",
       "...                           ...      ...     ...\n",
       "2023-11-02 04:00:00+00:00  177.57   138.07  348.32\n",
       "2023-11-03 04:00:00+00:00  176.65   138.60  352.80\n",
       "2023-11-06 05:00:00+00:00  179.23   139.74  356.53\n",
       "2023-11-07 05:00:00+00:00  181.82   142.71  360.53\n",
       "2023-11-08 05:00:00+00:00  182.89   142.08  363.20\n",
       "\n",
       "[755 rows x 3 columns]"
      ]
     },
     "execution_count": 6,
     "metadata": {},
     "output_type": "execute_result"
    }
   ],
   "source": [
    "from urllib.parse import quote\n",
    "\n",
    "# Importing SP500 \n",
    "spy = [\"SPY\"]\n",
    "\n",
    "# Define the list of stock tickers, excluding SP500 initially\n",
    "tickersList = stock_tickers + ['SPY']\n",
    "\n",
    "# Set timeframe to '1D'\n",
    "timeframe = '1D'\n",
    "\n",
    "# Convert start_date and end_date to ISO format with New York timezone\n",
    "start_date = pd.Timestamp(start_date, tz='America/New_York').isoformat()\n",
    "end_date = pd.Timestamp(end_date, tz='America/New_York').isoformat()\n",
    "\n",
    "# Create an empty DataFrame to store the results for tickers\n",
    "df_combined_tickers = pd.DataFrame()\n",
    "\n",
    "# Make the request to Alpaca API for each ticker\n",
    "for ticker in tickersList:\n",
    "    # Convert the ticker to URL-encoded format\n",
    "    ticker_encoded = quote(ticker)\n",
    "    \n",
    "    # Make the request to Alpaca API to get bars data\n",
    "    df_ticker = alpaca.get_bars(ticker_encoded, timeframe, limit=None, start=start_date, end=end_date).df\n",
    "    \n",
    "    # Select only the 'close' column and assign the new column name with the ticker symbol for clarity purposes\n",
    "    df_ticker = df_ticker['close'].rename(ticker)\n",
    "    \n",
    "    # Combine the results\n",
    "    df_combined_tickers = pd.concat([df_combined_tickers, df_ticker], axis=1)\n",
    "    \n",
    "spyDF = df_combined_tickers['SPY']\n",
    "df_combined_tickers.drop(columns='SPY',inplace=True)\n",
    "\n",
    "# Display the results (closing prices for chosen tickers)\n",
    "df_combined_tickers"
   ]
  },
  {
   "cell_type": "markdown",
   "id": "38323bb1-111d-4183-8921-30e71b45076f",
   "metadata": {},
   "source": [
    "### Calculate Daily Return, Mean, Standard Deviation, and Last Day Closing Prices for selected tickers and SP500"
   ]
  },
  {
   "cell_type": "code",
   "execution_count": 10,
   "id": "3eafe8e3-9f11-4827-a2bd-670b128dc2dc",
   "metadata": {},
   "outputs": [
    {
     "name": "stdout",
     "output_type": "stream",
     "text": [
      "\n",
      "Daily Returns for Chosen Stocks:\n",
      "                               AAPL      AMZN      MSFT\n",
      "2020-11-10 05:00:00+00:00 -0.002751 -0.034583 -0.033793\n",
      "2020-11-11 05:00:00+00:00  0.030086  0.033730  0.026255\n",
      "2020-11-12 05:00:00+00:00 -0.002343 -0.008641 -0.005126\n",
      "2020-11-13 05:00:00+00:00  0.000419  0.005958  0.004967\n",
      "2020-11-16 05:00:00+00:00  0.008720  0.000719  0.003325\n",
      "...                             ...       ...       ...\n",
      "2023-11-02 04:00:00+00:00  0.020693  0.007810  0.006502\n",
      "2023-11-03 04:00:00+00:00 -0.005181  0.003839  0.012862\n",
      "2023-11-06 05:00:00+00:00  0.014605  0.008225  0.010573\n",
      "2023-11-07 05:00:00+00:00  0.014451  0.021254  0.011219\n",
      "2023-11-08 05:00:00+00:00  0.005885 -0.004415  0.007406\n",
      "\n",
      "[754 rows x 3 columns]\n",
      "AAPL mean: 0.0007580392192901268\n",
      "AMZN mean: -0.0011414444220746664\n",
      "MSFT mean: 0.0008290250824961204\n"
     ]
    }
   ],
   "source": [
    "# Calculate daily returns for all ticker's closing prices\n",
    "daily_returns_tickers = df_combined_tickers.pct_change()\n",
    "daily_returns_tickers.dropna(inplace=True)\n",
    "\n",
    "# Display daily returns for the tickers\n",
    "print(\"\\nDaily Returns for Chosen Stocks:\")\n",
    "print(daily_returns_tickers)\n",
    "\n",
    "mean = {} \n",
    "\n",
    "# Iterate through each stock in the list of tickers\n",
    "for stock in stock_tickers:\n",
    "    # Check if the stock exists in the daily returns columns\n",
    "    if stock in daily_returns_tickers.columns:\n",
    "        mean[stock] = daily_returns_tickers.mean()[stock]  # Calculate mean for the stock and store in the dictionary\n",
    "        print(f'{stock} mean: {mean[stock]}')  # Print the mean of daily returns for the stock"
   ]
  },
  {
   "cell_type": "code",
   "execution_count": 11,
   "id": "175b0d5a-7b46-4545-b9ea-457cd7244a20",
   "metadata": {},
   "outputs": [
    {
     "name": "stdout",
     "output_type": "stream",
     "text": [
      "\n",
      "Daily Returns for SPY:\n",
      "2020-11-10 05:00:00+00:00   -0.001523\n",
      "2020-11-11 05:00:00+00:00    0.007456\n",
      "2020-11-12 05:00:00+00:00   -0.009475\n",
      "2020-11-13 05:00:00+00:00    0.013471\n",
      "2020-11-16 05:00:00+00:00    0.012510\n",
      "                               ...   \n",
      "2023-11-02 04:00:00+00:00    0.019164\n",
      "2023-11-03 04:00:00+00:00    0.009123\n",
      "2023-11-06 05:00:00+00:00    0.002300\n",
      "2023-11-07 05:00:00+00:00    0.002846\n",
      "2023-11-08 05:00:00+00:00    0.000732\n",
      "Name: SPY, Length: 754, dtype: float64\n",
      "\n",
      "SPY mean:\n",
      "0.00033975975529095334\n"
     ]
    }
   ],
   "source": [
    "# Calculate and display daily returns for 'SPY'\n",
    "daily_returns_spy = spyDF.pct_change()\n",
    "daily_returns_spy.dropna(inplace=True)\n",
    "\n",
    "# Display daily returns for 'SPY'\n",
    "print(\"\\nDaily Returns for SPY:\")\n",
    "print(daily_returns_spy)\n",
    "\n",
    "# Calculate and display mean of daily return for 'SPY'\n",
    "mean_spy = daily_returns_spy.mean()\n",
    "print(\"\\nSPY mean:\")\n",
    "print(mean_spy)"
   ]
  },
  {
   "cell_type": "code",
   "execution_count": 12,
   "id": "9a0c1d66-bfc5-4218-a4d6-a5def5a88544",
   "metadata": {},
   "outputs": [
    {
     "name": "stdout",
     "output_type": "stream",
     "text": [
      "AAPL standard deviation: 0.0177839401327225\n",
      "AMZN standard deviation: 0.04183369731744983\n",
      "MSFT standard deviation: 0.017581619238321928\n"
     ]
    }
   ],
   "source": [
    "# Calculate and display standard deviation for each ticker\n",
    "std_devs = {}\n",
    "for stock in stock_tickers:\n",
    "    if stock in daily_returns_tickers.columns:\n",
    "        std_devs[stock] = daily_returns_tickers.std()[stock]\n",
    "        print(f'{stock} standard deviation: {std_devs[stock]}')"
   ]
  },
  {
   "cell_type": "code",
   "execution_count": 13,
   "id": "920a00a4-f778-48fd-959c-74df2e598759",
   "metadata": {},
   "outputs": [
    {
     "name": "stdout",
     "output_type": "stream",
     "text": [
      "\n",
      "Standard Deviation for SPY:\n",
      "0.011131185108019043\n"
     ]
    }
   ],
   "source": [
    "# Calculate and display standard deviation for 'SPY'\n",
    "std_dev_spy = daily_returns_spy.std()\n",
    "print(\"\\nStandard Deviation for SPY:\")\n",
    "print(std_dev_spy)"
   ]
  },
  {
   "cell_type": "code",
   "execution_count": 14,
   "id": "a8156723-ce25-4664-b5d9-0c9dae3824ac",
   "metadata": {},
   "outputs": [
    {
     "name": "stdout",
     "output_type": "stream",
     "text": [
      "\n",
      "Last Day's Closing Prices:\n",
      "AAPL    182.89\n",
      "AMZN    142.08\n",
      "MSFT    363.20\n",
      "Name: 2023-11-08 05:00:00+00:00, dtype: float64\n"
     ]
    }
   ],
   "source": [
    "# Get the last day's closing prices for each ticker\n",
    "last_day_closing_prices = df_combined_tickers.iloc[-1]\n",
    "\n",
    "# Display the last day's closing prices\n",
    "print(\"\\nLast Day's Closing Prices:\")\n",
    "print(last_day_closing_prices)\n"
   ]
  },
  {
   "cell_type": "code",
   "execution_count": 15,
   "id": "2f49f814-80ad-45f0-84f2-477c606eb138",
   "metadata": {},
   "outputs": [
    {
     "name": "stdout",
     "output_type": "stream",
     "text": [
      "\n",
      "Last Day's Closing Price for SPY:\n",
      "437.25\n"
     ]
    }
   ],
   "source": [
    "# Get the last day's closing price for 'SPY'\n",
    "spy_last_day_closing_price = spyDF.iloc[-1]\n",
    "print(\"\\nLast Day's Closing Price for SPY:\")\n",
    "print(spy_last_day_closing_price)"
   ]
  },
  {
   "cell_type": "markdown",
   "id": "81229d80-959e-40f5-a93c-9a6a9b337898",
   "metadata": {},
   "source": [
    "## Part 2 - Monte Carlo Simulations"
   ]
  },
  {
   "cell_type": "code",
   "execution_count": 57,
   "id": "6d2dd5fa-4d7d-423c-8c20-76e03b23aebe",
   "metadata": {},
   "outputs": [
    {
     "name": "stdout",
     "output_type": "stream",
     "text": [
      "[0.30687726 0.03420968 0.65891306]\n",
      "[0.53176986 0.08699317 0.38123697]\n",
      "[0.47188266 0.14271592 0.38540142]\n",
      "[3.85377085e-01 2.27682456e-17 6.14622915e-01]\n",
      "[0.53083885 0.         0.46916115]\n",
      "[7.05343718e-01 2.02962647e-15 2.94656282e-01]\n",
      "[0.29799973 0.1362289  0.56577136]\n",
      "[1.06163565e-16 8.62376432e-02 9.13762357e-01]\n",
      "[6.13542339e-01 7.23683266e-15 3.86457661e-01]\n",
      "[1.00000000e+00 4.33680869e-17 5.20417043e-17]\n",
      "[5.55334977e-01 8.85522124e-17 4.44665023e-01]\n",
      "[0.58220606 0.         0.41779394]\n",
      "[1.11022302e-16 0.00000000e+00 1.00000000e+00]\n",
      "[0.60075484 0.20852826 0.1907169 ]\n",
      "[0.88050656 0.06030398 0.05918946]\n",
      "[0.42534935 0.         0.57465065]\n",
      "[0.56092622 0.         0.43907378]\n",
      "[4.94130935e-01 6.77626358e-17 5.05869065e-01]\n",
      "[0.43121871 0.         0.56878129]\n",
      "[0.01035003 0.29297026 0.69667971]\n",
      "[6.03087775e-01 9.38619842e-14 3.96912225e-01]\n",
      "[0.23559714 0.17933197 0.58507089]\n",
      "[6.80482864e-01 7.15119071e-15 3.19517136e-01]\n",
      "[0.58073044 0.         0.41926956]\n",
      "[0.16072449 0.20520265 0.63407286]\n",
      "[0.52261085 0.18278629 0.29460285]\n",
      "[9.08377802e-02 1.14740249e-13 9.09162220e-01]\n",
      "[0.33479563 0.         0.66520437]\n",
      "[1.00000000e+00 2.77555756e-16 0.00000000e+00]\n",
      "[0.82194894 0.04713821 0.13091285]\n",
      "[1.11022302e-16 0.00000000e+00 1.00000000e+00]\n",
      "[0.22009635 0.         0.77990365]\n",
      "[0.84687416 0.         0.15312584]\n",
      "[0.64902106 0.         0.35097894]\n",
      "[0.3976927  0.00905059 0.59325671]\n",
      "[0.00000000e+00 3.76781939e-15 1.00000000e+00]\n",
      "[3.51541616e-16 8.24209029e-02 9.17579097e-01]\n",
      "[0.41450955 0.05042309 0.53506736]\n",
      "[4.42456615e-01 2.73390364e-17 5.57543385e-01]\n",
      "[0.30515103 0.         0.69484897]\n",
      "[0.75117068 0.05876458 0.19006474]\n",
      "[7.63278329e-17 0.00000000e+00 1.00000000e+00]\n",
      "[1.00000000e+00 0.00000000e+00 1.11022302e-16]\n",
      "[7.80936244e-01 2.13942522e-17 2.19063756e-01]\n",
      "[0.54307673 0.45692327 0.        ]\n",
      "[0.37910395 0.01662512 0.60427093]\n",
      "[2.27014360e-01 3.07479736e-16 7.72985640e-01]\n",
      "[3.00597265e-01 3.10623922e-17 6.99402735e-01]\n",
      "[0.51004972 0.0375627  0.45238759]\n",
      "[0.41972507 0.         0.58027493]\n",
      "[0.39776398 0.29647127 0.30576474]\n",
      "[0. 0. 1.]\n",
      "[0.56083358 0.         0.43916642]\n",
      "[8.84619968e-01 3.63034255e-15 1.15380032e-01]\n",
      "[0.62970021 0.         0.37029979]\n",
      "[2.21843897e-18 1.00000000e+00 5.55111512e-17]\n",
      "[1.00000000e+00 1.66533454e-16 0.00000000e+00]\n",
      "[7.57826856e-01 9.73613551e-17 2.42173144e-01]\n",
      "[0.00000000e+00 1.32033273e-13 1.00000000e+00]\n",
      "[1.00000000e+00 9.02056208e-17 0.00000000e+00]\n",
      "[0.35228267 0.03398589 0.61373144]\n",
      "[2.62680167e-01 1.17093835e-17 7.37319833e-01]\n",
      "[8.93489723e-01 3.52365706e-18 1.06510277e-01]\n",
      "[0.62778254 0.         0.37221746]\n",
      "[4.73630298e-01 6.96025947e-17 5.26369702e-01]\n",
      "[4.98972525e-01 4.81416738e-16 5.01027475e-01]\n",
      "[5.10920574e-01 2.55766590e-15 4.89079426e-01]\n",
      "[0.75023084 0.09581045 0.15395871]\n",
      "[0.29517372 0.         0.70482628]\n",
      "[0.66038599 0.         0.33961401]\n",
      "[3.66491080e-01 3.71664505e-16 6.33508920e-01]\n",
      "[0.75791025 0.         0.24208975]\n",
      "[0.3894637  0.01674109 0.59379521]\n",
      "[0.84817507 0.         0.15182493]\n",
      "[9.51445078e-01 2.90566182e-17 4.85549223e-02]\n",
      "[0.40176014 0.         0.59823986]\n",
      "[0.         0.03987729 0.96012271]\n",
      "[1. 0. 0.]\n",
      "[1.00000000e+00 3.88578059e-16 0.00000000e+00]\n",
      "[0.30294762 0.03401443 0.66303795]\n",
      "[0.1943468  0.04814021 0.75751299]\n",
      "[7.32157902e-01 6.71301990e-13 2.67842098e-01]\n",
      "[1.00000000e+00 1.66533454e-16 0.00000000e+00]\n",
      "[7.84372567e-14 0.00000000e+00 1.00000000e+00]\n",
      "[0.41168732 0.         0.58831268]\n",
      "[0.00000000e+00 7.70911113e-15 1.00000000e+00]\n",
      "[0.06270626 0.         0.93729374]\n",
      "[5.44280163e-01 5.45921815e-14 4.55719837e-01]\n",
      "[0.47859784 0.02174139 0.49966076]\n",
      "[7.61386891e-01 1.68376597e-16 2.38613109e-01]\n",
      "[0.72266573 0.06820262 0.20913165]\n",
      "[4.07838557e-01 3.86930071e-15 5.92161443e-01]\n",
      "[0.15545726 0.84454274 0.        ]\n",
      "[0.00000000e+00 3.41879303e-14 1.00000000e+00]\n",
      "[4.67168744e-01 2.71278597e-17 5.32831256e-01]\n",
      "[5.74425213e-01 6.45319301e-14 4.25574787e-01]\n",
      "[0.38069196 0.         0.61930804]\n",
      "[8.53037091e-01 3.65105082e-16 1.46962909e-01]\n",
      "[2.35228503e-15 0.00000000e+00 1.00000000e+00]\n",
      "[0.29149596 0.         0.70850404]\n",
      "[0.53242283 0.01901818 0.44855899]\n",
      "[1.26565006e-01 4.01284908e-15 8.73434994e-01]\n",
      "[5.01811980e-01 2.24778238e-15 4.98188020e-01]\n",
      "[5.73707748e-14 0.00000000e+00 1.00000000e+00]\n",
      "[1.00000000e+00 5.55111512e-17 3.88578059e-16]\n",
      "[0.09775818 0.         0.90224182]\n",
      "[4.17411356e-01 8.35919875e-17 5.82588644e-01]\n",
      "[3.72766053e-01 6.42389787e-18 6.27233947e-01]\n",
      "[7.13461198e-01 4.48859699e-16 2.86538802e-01]\n"
     ]
    },
    {
     "name": "stderr",
     "output_type": "stream",
     "text": [
      "/var/folders/bk/8p802pg50f31n1clyfc4y7700000gn/T/ipykernel_38616/604085172.py:52: PerformanceWarning: DataFrame is highly fragmented.  This is usually the result of calling `frame.insert` many times, which has poor performance.  Consider joining all columns at once using pd.concat(axis=1) instead.  To get a de-fragmented frame, use `newframe = frame.copy()`\n",
      "  simulated_prices_stocks[stock][simulation_index] = pd.Series(simulated_prices_dict[stock])\n",
      "/var/folders/bk/8p802pg50f31n1clyfc4y7700000gn/T/ipykernel_38616/604085172.py:74: PerformanceWarning: DataFrame is highly fragmented.  This is usually the result of calling `frame.insert` many times, which has poor performance.  Consider joining all columns at once using pd.concat(axis=1) instead.  To get a de-fragmented frame, use `newframe = frame.copy()`\n",
      "  monte_carlo_results[simulation_index] = (1 + portfolio_daily_returns).cumprod()\n",
      "/var/folders/bk/8p802pg50f31n1clyfc4y7700000gn/T/ipykernel_38616/604085172.py:77: PerformanceWarning: DataFrame is highly fragmented.  This is usually the result of calling `frame.insert` many times, which has poor performance.  Consider joining all columns at once using pd.concat(axis=1) instead.  To get a de-fragmented frame, use `newframe = frame.copy()`\n",
      "  monte_carlo_spy_results[simulation_index] = (1 + pd.Series(simulated_prices_spy_list).pct_change().dropna()).cumprod()\n"
     ]
    },
    {
     "name": "stdout",
     "output_type": "stream",
     "text": [
      "[0.68872495 0.         0.31127505]\n",
      "[0.00000000e+00 3.53883589e-16 1.00000000e+00]\n",
      "[4.96303504e-01 6.00937413e-18 5.03696496e-01]\n",
      "[0.96202238 0.         0.03797762]\n",
      "[1.00000000e+00 0.00000000e+00 6.10622664e-16]\n",
      "[0.00000000e+00 5.62579497e-14 1.00000000e+00]\n",
      "[0.69800842 0.02180187 0.28018971]\n",
      "[0.60841993 0.         0.39158007]\n",
      "[0. 0. 1.]\n",
      "[6.07840830e-01 1.68051337e-17 3.92159170e-01]\n",
      "[8.69411552e-01 1.76371938e-13 1.30588448e-01]\n",
      "[0.8194208 0.        0.1805792]\n",
      "[0.44928864 0.03231874 0.51839261]\n",
      "[3.80552767e-01 2.38435573e-14 6.19447233e-01]\n",
      "[1.00000000e+00 6.93889390e-17 1.07552856e-16]\n",
      "[0.31869693 0.09305317 0.5882499 ]\n",
      "[5.17316714e-01 4.50388672e-18 4.82683286e-01]\n",
      "[0.41288076 0.12667962 0.46043961]\n",
      "[2.70136689e-01 1.67400815e-16 7.29863311e-01]\n",
      "[0.70357428 0.         0.29642572]\n",
      "[0.70088624 0.         0.29911376]\n",
      "[0.29140247 0.         0.70859753]\n",
      "[4.14254844e-01 1.68927492e-16 5.85745156e-01]\n",
      "[0.59616768 0.01465185 0.38918047]\n",
      "[3.13176706e-01 1.40084071e-14 6.86823294e-01]\n",
      "[0.22147954 0.         0.77852046]\n",
      "[4.16333634e-17 1.00000000e+00 2.34187669e-17]\n",
      "[1.67859165e-01 1.22565586e-13 8.32140835e-01]\n",
      "[0.67859426 0.00690778 0.31449796]\n",
      "[0.65688782 0.01490449 0.32820769]\n",
      "[6.41488469e-01 6.83520081e-14 3.58511531e-01]\n",
      "[0.00000000e+00 1.66533454e-16 1.00000000e+00]\n",
      "[6.08664475e-01 3.83997304e-16 3.91335525e-01]\n",
      "[7.46534245e-01 2.84060969e-17 2.53465755e-01]\n",
      "[0.70650204 0.         0.29349796]\n",
      "[0.64363827 0.         0.35636173]\n",
      "[1.12852256e-01 1.05167611e-17 8.87147744e-01]\n",
      "[1.00000000e+00 5.20417043e-16 0.00000000e+00]\n",
      "[7.45518415e-01 1.91793239e-13 2.54481585e-01]\n",
      "[0.76353655 0.         0.23646345]\n",
      "[3.72693419e-01 3.78169718e-16 6.27306581e-01]\n",
      "[0.06157655 0.         0.93842345]\n",
      "[0.729248   0.04669581 0.22405618]\n",
      "[9.47435057e-02 1.79923351e-16 9.05256494e-01]\n",
      "[0.03144189 0.49816925 0.47038886]\n",
      "[0.69670732 0.         0.30329268]\n",
      "[3.90411197e-01 5.99056384e-12 6.09588803e-01]\n",
      "[0.38050144 0.04564974 0.57384882]\n",
      "[0.26330143 0.         0.73669857]\n",
      "[0.00000000e+00 1.00000000e+00 1.52655666e-16]\n",
      "[5.30053812e-01 3.13256996e-16 4.69946188e-01]\n",
      "[1.00000000e+00 5.55111512e-17 5.55111512e-17]\n",
      "[0.56839871 0.         0.43160129]\n",
      "[1.00000000e+00 5.82867088e-16 0.00000000e+00]\n",
      "[0.85246712 0.02008179 0.12745109]\n",
      "[5.89017873e-01 1.14383329e-17 4.10982127e-01]\n",
      "[9.17247019e-01 3.12250226e-17 8.27529810e-02]\n",
      "[3.92462375e-01 2.64105443e-16 6.07537625e-01]\n",
      "[1.03746714e-01 7.69870279e-15 8.96253286e-01]\n",
      "[1.00000000e+00 0.00000000e+00 1.66533454e-16]\n",
      "[3.05693368e-01 5.05807331e-16 6.94306632e-01]\n",
      "[5.35620255e-01 1.36396970e-13 4.64379745e-01]\n",
      "[1.00000000e+00 0.00000000e+00 1.66533454e-16]\n",
      "[5.07535324e-01 5.03819852e-15 4.92464676e-01]\n",
      "[0.70147045 0.         0.29852955]\n",
      "[0.46228816 0.03082103 0.50689081]\n",
      "[6.61620329e-01 7.58941521e-18 3.38379671e-01]\n",
      "[0.19332672 0.09549229 0.71118098]\n",
      "[1.82035889e-01 2.46292677e-18 8.17964111e-01]\n",
      "[5.81479309e-15 0.00000000e+00 1.00000000e+00]\n",
      "[4.97291978e-01 2.99776970e-15 5.02708022e-01]\n",
      "[0.76358986 0.         0.23641014]\n",
      "[0.70238342 0.         0.29761658]\n",
      "[6.52256027e-16 0.00000000e+00 1.00000000e+00]\n",
      "[9.45137919e-01 5.48620813e-02 4.77048956e-18]\n",
      "[0.68437744 0.         0.31562256]\n",
      "[0.60697294 0.         0.39302706]\n",
      "[2.77555756e-17 0.00000000e+00 1.00000000e+00]\n",
      "[0.68559425 0.05768885 0.2567169 ]\n",
      "[0.65620426 0.         0.34379574]\n",
      "[0.83027405 0.         0.16972595]\n",
      "[0.         0.43153771 0.56846229]\n",
      "[0.50909502 0.         0.49090498]\n",
      "[6.9388939e-18 0.0000000e+00 1.0000000e+00]\n",
      "[5.58633059e-01 8.48237946e-12 4.41366941e-01]\n",
      "[0.54356491 0.16138672 0.29504837]\n",
      "[0.61030246 0.02556521 0.36413233]\n",
      "[0.52419368 0.01960727 0.45619905]\n",
      "[0.30692998 0.06879327 0.62427675]\n",
      "[0.33320321 0.04866687 0.61812992]\n",
      "[0.00000000e+00 1.49880108e-15 1.00000000e+00]\n",
      "[7.86700425e-01 1.38517670e-14 2.13299575e-01]\n",
      "[0.30828041 0.02297018 0.66874941]\n",
      "[0.00000000e+00 2.77555756e-15 1.00000000e+00]\n",
      "[0.48652656 0.0841099  0.42936354]\n",
      "[3.20001622e-01 4.79217360e-17 6.79998378e-01]\n",
      "[0.08796708 0.         0.91203292]\n",
      "[0.27291348 0.         0.72708652]\n",
      "[8.83337982e-01 1.09721260e-16 1.16662018e-01]\n",
      "[5.60823034e-01 3.42343268e-17 4.39176966e-01]\n",
      "[0.46648614 0.         0.53351386]\n",
      "[0.68462688 0.04277083 0.27260228]\n",
      "[0.46284873 0.         0.53715127]\n",
      "[1.00000000e+00 0.00000000e+00 3.09974268e-13]\n",
      "[6.71942029e-01 1.57615891e-16 3.28057971e-01]\n",
      "[0.74535927 0.         0.25464073]\n",
      "[7.18862074e-01 7.23081534e-15 2.81137926e-01]\n",
      "[0.10663269 0.         0.89336731]\n",
      "[1.88515989e-01 1.41379963e-15 8.11484011e-01]\n",
      "[0.43412833 0.17995798 0.38591369]\n",
      "[6.40749908e-01 4.86890205e-13 3.59250092e-01]\n",
      "[1.00000000e+00 0.00000000e+00 3.33066907e-16]\n",
      "[0.76685406 0.05594638 0.17719956]\n",
      "[7.29402795e-01 5.04425061e-16 2.70597205e-01]\n",
      "[2.95232228e-01 8.80326411e-13 7.04767772e-01]\n",
      "[0.         0.15078627 0.84921373]\n",
      "[6.78098597e-01 1.23933769e-14 3.21901403e-01]\n",
      "[8.27103678e-01 6.64665613e-16 1.72896322e-01]\n",
      "[0.38719636 0.06335666 0.54944699]\n",
      "[2.97256439e-01 7.37040637e-16 7.02743561e-01]\n",
      "[0.86692626 0.00905283 0.12402091]\n",
      "[1.63679834e-14 3.96239031e-14 1.00000000e+00]\n",
      "[0.04586728 0.05743324 0.89669948]\n",
      "[7.85979870e-01 3.28973532e-17 2.14020130e-01]\n",
      "[0.4093852 0.        0.5906148]\n",
      "[0.1937615  0.40812099 0.39811751]\n",
      "[1.00000000e+00 1.00752739e-14 9.20097332e-15]\n",
      "[0.49786474 0.14892325 0.35321201]\n",
      "[0.59349419 0.         0.40650581]\n",
      "[4.71913389e-01 5.63785130e-16 5.28086611e-01]\n",
      "[1.05813544e-16 2.32266804e-02 9.76773320e-01]\n",
      "[0.40612155 0.         0.59387845]\n",
      "[0.57496599 0.07782796 0.34720605]\n",
      "[5.89121052e-01 8.08728085e-15 4.10878948e-01]\n",
      "[6.21661313e-01 3.12900747e-16 3.78338687e-01]\n",
      "[0.00000000e+00 1.00000000e+00 2.77555756e-17]\n",
      "[1.00000000e+00 1.66533454e-16 0.00000000e+00]\n",
      "[0.00000000e+00 2.77555756e-16 1.00000000e+00]\n",
      "[0.64781208 0.         0.35218792]\n",
      "[6.84768767e-01 3.32096386e-17 3.15231233e-01]\n",
      "[3.06412577e-01 1.26611789e-13 6.93587423e-01]\n",
      "[0.1020401 0.        0.8979599]\n",
      "[0.58543868 0.         0.41456132]\n",
      "[0.62361557 0.         0.37638443]\n",
      "[0.88110912 0.1141635  0.00472738]\n",
      "[6.34289579e-01 2.16127209e-17 3.65710421e-01]\n",
      "[0.00000000e+00 8.32667268e-16 1.00000000e+00]\n",
      "[5.00785891e-01 3.70022683e-16 4.99214109e-01]\n",
      "[0.54717349 0.         0.45282651]\n",
      "[8.24610741e-01 4.87541028e-17 1.75389259e-01]\n",
      "[0.6257245 0.        0.3742755]\n",
      "[0.78037286 0.07793935 0.14168779]\n",
      "[0. 0. 1.]\n",
      "[4.09252563e-01 7.43245308e-16 5.90747437e-01]\n",
      "[0.73589346 0.         0.26410654]\n",
      "[1.23917530e-01 7.85587958e-14 8.76082470e-01]\n",
      "[0.         0.02487085 0.97512915]\n",
      "[4.74442058e-01 2.22261445e-17 5.25557942e-01]\n",
      "[0.66709385 0.05618657 0.27671959]\n",
      "[0.80748244 0.         0.19251756]\n",
      "[8.76503457e-01 1.77809156e-17 1.23496543e-01]\n",
      "[4.24124368e-01 5.03910674e-15 5.75875632e-01]\n",
      "[0.45742517 0.         0.54257483]\n",
      "[3.31406032e-01 7.40468884e-14 6.68593968e-01]\n",
      "[0.53697957 0.         0.46302043]\n",
      "[1.34139673e-01 1.14825109e-12 8.65860327e-01]\n",
      "[7.76266735e-01 9.43255890e-18 2.23733265e-01]\n",
      "[0.33201563 0.         0.66798437]\n",
      "[0.59326348 0.0019904  0.40474612]\n",
      "[0.3165938  0.02593705 0.65746916]\n",
      "[0.29608499 0.03054741 0.6733676 ]\n",
      "[0.27314014 0.         0.72685986]\n",
      "[1.00000000e+00 0.00000000e+00 5.55111512e-17]\n",
      "[0.6814975  0.00329018 0.31521232]\n",
      "[0.16811257 0.10588147 0.72600596]\n",
      "[5.27342700e-01 1.66881394e-15 4.72657300e-01]\n",
      "[0.17890952 0.         0.82109048]\n",
      "[8.03766527e-01 9.78670270e-14 1.96233473e-01]\n",
      "[1.00000000e+00 4.99600361e-16 0.00000000e+00]\n",
      "[0.5020072 0.        0.4979928]\n",
      "[0.38921951 0.         0.61078049]\n",
      "[0.40932169 0.17402602 0.41665229]\n",
      "[6.13331691e-01 6.11113590e-12 3.86668309e-01]\n",
      "[0.17036869 0.         0.82963131]\n",
      "[0.74705928 0.03799274 0.21494798]\n",
      "[1.00000000e+00 4.09828421e-15 0.00000000e+00]\n",
      "[0.35016246 0.         0.64983754]\n",
      "[5.85250704e-01 9.08107682e-14 4.14749296e-01]\n",
      "[4.08763790e-01 1.80985327e-14 5.91236210e-01]\n",
      "[1.00000000e+00 0.00000000e+00 2.22044605e-16]\n",
      "[6.42072437e-01 6.50521303e-18 3.57927563e-01]\n",
      "[8.60422844e-16 0.00000000e+00 1.00000000e+00]\n",
      "[0.73384939 0.         0.26615061]\n",
      "[2.40996300e-17 1.44240327e-01 8.55759673e-01]\n",
      "[0.34920477 0.056336   0.59445923]\n",
      "[0.         0.20684441 0.79315559]\n",
      "[5.84223378e-01 1.35184236e-13 4.15776622e-01]\n",
      "[1.60584216e-01 9.95297594e-17 8.39415784e-01]\n",
      "[0.61997691 0.02847626 0.35154683]\n",
      "[5.17854001e-01 5.82016494e-13 4.82145999e-01]\n",
      "[0.21281605 0.03900567 0.74817828]\n",
      "[0.00000000e+00 2.60902411e-15 1.00000000e+00]\n",
      "[0.3036586 0.        0.6963414]\n",
      "[5.08391254e-01 9.93220688e-17 4.91608746e-01]\n",
      "[0.40930678 0.         0.59069322]\n",
      "[5.32494687e-01 1.09982319e-12 4.67505313e-01]\n",
      "[1.00000000e+00 0.00000000e+00 1.28212718e-12]\n",
      "[1.00000000e+00 6.10622664e-16 0.00000000e+00]\n",
      "[0.67060869 0.         0.32939131]\n",
      "[1.00000000e+00 4.95437025e-14 0.00000000e+00]\n",
      "[0.65751139 0.         0.34248861]\n",
      "[9.01392757e-01 1.06251813e-17 9.86072426e-02]\n",
      "[0.77960727 0.01141941 0.20897332]\n",
      "[3.73518271e-01 8.62234324e-17 6.26481729e-01]\n",
      "[0.45192547 0.         0.54807453]\n",
      "[1.5959456e-16 0.0000000e+00 1.0000000e+00]\n",
      "[4.21084017e-01 5.90736227e-14 5.78915983e-01]\n",
      "[1.00000000e+00 5.55111512e-16 1.11022302e-16]\n",
      "[0.33115698 0.         0.66884302]\n",
      "[0.61330369 0.         0.38669631]\n",
      "[0.59745895 0.         0.40254105]\n",
      "[0.72158279 0.05052436 0.22789285]\n",
      "[6.58896809e-01 1.50328296e-14 3.41103191e-01]\n",
      "[0.13857454 0.         0.86142546]\n",
      "[0.58468689 0.04552228 0.36979083]\n",
      "[0.42134721 0.04837908 0.53027371]\n",
      "[2.81827384e-01 8.63133350e-16 7.18172616e-01]\n",
      "[5.10292723e-01 1.21710570e-15 4.89707277e-01]\n",
      "[0.58000482 0.         0.41999518]\n",
      "[0.51276294 0.         0.48723706]\n",
      "[0.55420954 0.03574001 0.41005045]\n",
      "[3.15918614e-01 9.10729825e-18 6.84081386e-01]\n",
      "[1.000000e+00 0.000000e+00 4.961552e-13]\n",
      "[0.19336587 0.         0.80663413]\n",
      "[0.25102429 0.         0.74897571]\n",
      "[0.28583213 0.         0.71416787]\n",
      "[1.00000000e+00 0.00000000e+00 2.42861287e-16]\n",
      "[0.61683819 0.         0.38316181]\n",
      "[4.75040402e-14 7.31220640e-14 1.00000000e+00]\n",
      "[0.00206882 0.04009507 0.95783611]\n",
      "[6.86497974e-02 1.64842098e-15 9.31350203e-01]\n",
      "[7.05597375e-01 9.66024136e-17 2.94402625e-01]\n",
      "[0.39018717 0.         0.60981283]\n",
      "[1.47689247e-01 6.48352899e-17 8.52310753e-01]\n",
      "[0.10680145 0.         0.89319855]\n",
      "[0.3704813 0.        0.6295187]\n",
      "[0.63024386 0.10349211 0.26626403]\n",
      "[7.29864633e-01 1.97107955e-16 2.70135367e-01]\n",
      "[3.05747695e-01 2.60233241e-13 6.94252305e-01]\n",
      "[0.3506606  0.10074879 0.54859061]\n",
      "[0.53796728 0.         0.46203272]\n",
      "[0.59752533 0.24400001 0.15847466]\n",
      "[1.00000000e+00 0.00000000e+00 1.11022302e-16]\n",
      "[0.53673212 0.04946116 0.41380672]\n",
      "[1.29618538e-14 0.00000000e+00 1.00000000e+00]\n",
      "[0.45289934 0.12571761 0.42138305]\n",
      "[4.15085988e-01 5.90266768e-15 5.84914012e-01]\n",
      "[0.35601164 0.06493543 0.57905293]\n",
      "[1. 0. 0.]\n",
      "[8.12759960e-01 1.95590072e-16 1.87240040e-01]\n",
      "[1.00154307e-18 1.89857224e-01 8.10142776e-01]\n",
      "[5.69882559e-01 1.96054949e-11 4.30117441e-01]\n",
      "[5.20846535e-01 1.43072305e-15 4.79153465e-01]\n",
      "[0. 0. 1.]\n",
      "[5.86685573e-01 1.53765997e-13 4.13314427e-01]\n",
      "[4.65804467e-01 1.21279722e-13 5.34195533e-01]\n",
      "[5.17026507e-01 3.96609828e-14 4.82973493e-01]\n",
      "[0.3030607  0.01919338 0.67774593]\n",
      "[1.96917318e-01 9.75781955e-17 8.03082682e-01]\n",
      "[5.3615920e-01 3.0444397e-16 4.6384080e-01]\n",
      "[0.30258385 0.13480298 0.56261317]\n",
      "[0.18669407 0.15751959 0.65578634]\n",
      "[1.20668730e-01 1.39222401e-15 8.79331270e-01]\n",
      "[0.69118531 0.         0.30881469]\n",
      "[0.38282655 0.         0.61717345]\n",
      "[0.40786098 0.26714502 0.324994  ]\n",
      "[0. 0. 1.]\n",
      "[0.28176237 0.         0.71823763]\n",
      "[1.00000000e+00 2.91433544e-16 8.32667268e-17]\n",
      "[0.12821067 0.17712788 0.69466145]\n",
      "[0.50292982 0.05377647 0.44329372]\n",
      "[0.53303761 0.00710721 0.45985518]\n",
      "[0.22576387 0.5352059  0.23903024]\n",
      "[0.42700642 0.049202   0.52379159]\n",
      "[0.12563334 0.         0.87436666]\n",
      "[0.51753389 0.06514658 0.41731953]\n",
      "[1. 0. 0.]\n",
      "[1.00000000e+00 5.55111512e-17 5.55111512e-17]\n",
      "[3.07604107e-01 6.64615932e-17 6.92395893e-01]\n",
      "[0.        0.0136219 0.9863781]\n",
      "[0. 0. 1.]\n",
      "[7.17446935e-14 0.00000000e+00 1.00000000e+00]\n",
      "[0.26361341 0.         0.73638659]\n",
      "[0.04430429 0.         0.95569571]\n",
      "[0.61056228 0.         0.38943772]\n",
      "[0.20511309 0.         0.79488691]\n",
      "[0.69090926 0.08398756 0.22510318]\n",
      "[5.25053055e-01 3.29395318e-18 4.74946945e-01]\n",
      "[1.00000000e+00 0.00000000e+00 2.65565347e-13]\n",
      "[2.27600660e-16 1.39158929e-01 8.60841071e-01]\n",
      "[8.33840180e-02 8.08814821e-17 9.16615982e-01]\n",
      "[6.54156953e-01 1.80038168e-13 3.45843047e-01]\n",
      "[5.14742031e-01 2.42434165e-13 4.85257969e-01]\n",
      "[4.39964110e-01 3.64422746e-17 5.60035890e-01]\n",
      "[1.00000000e+00 0.00000000e+00 6.14959472e-14]\n",
      "[5.04283999e-01 9.04853449e-14 4.95716001e-01]\n",
      "[8.56878005e-01 1.56125113e-17 1.43121995e-01]\n",
      "[4.35442638e-01 1.81183193e-14 5.64557362e-01]\n",
      "[0.28121418 0.         0.71878582]\n",
      "[5.55111512e-17 1.00000000e+00 0.00000000e+00]\n",
      "[0.47225687 0.         0.52774313]\n",
      "[0.5020694 0.        0.4979306]\n",
      "[0.46278979 0.         0.53721021]\n",
      "[4.28048390e-01 1.24418219e-17 5.71951610e-01]\n",
      "[2.01244812e-01 7.02563008e-17 7.98755188e-01]\n",
      "[0.27413788 0.37615333 0.34970879]\n",
      "[1.34776389e-17 7.22894093e-02 9.27710591e-01]\n",
      "[3.76351094e-01 2.26088679e-15 6.23648906e-01]\n",
      "[4.93835595e-01 2.77519426e-15 5.06164405e-01]\n",
      "[3.48194303e-01 1.10068205e-15 6.51805697e-01]\n",
      "[4.58930124e-01 4.65643149e-14 5.41069876e-01]\n",
      "[5.10323625e-01 3.03598394e-16 4.89676375e-01]\n",
      "[7.56627782e-01 7.03682169e-18 2.43372218e-01]\n",
      "[3.33066907e-16 8.32667268e-16 1.00000000e+00]\n",
