{
 "cells": [
  {
   "cell_type": "code",
   "execution_count": 1,
   "id": "6f2c2822-b428-4196-bb30-17dac97263e6",
   "metadata": {},
   "outputs": [],
   "source": [
    "#importing necessary libraries \n",
    "import numpy as np\n",
    "import pandas as pd\n",
    "import os\n",
    "from datetime import datetime, timedelta\n",
    "import matplotlib.pyplot as plt\n",
    "import alpaca_trade_api as tradeapi\n",
    "import yfinance as yf\n",
    "from urllib.parse import quote\n",
    "import seaborn as sns #library not from class\n",
    "%matplotlib inline\n",
    "from scipy.optimize import minimize"
   ]
  },
  {
   "cell_type": "code",
   "execution_count": 2,
   "id": "cca085cb-8f52-435b-af02-c416407f43c5",
   "metadata": {},
   "outputs": [
    {
     "data": {
      "text/plain": [
       "True"
      ]
     },
     "execution_count": 2,
     "metadata": {},
     "output_type": "execute_result"
    }
   ],
   "source": [
    "#Load .env environment variables\n",
    "from dotenv import load_dotenv\n",
    "load_dotenv()\n"
   ]
  },
  {
   "cell_type": "code",
   "execution_count": 3,
   "id": "56825116-655f-4f55-b6f3-81aefa2c9a5e",
   "metadata": {},
   "outputs": [],
   "source": [
    "# Set a random seed for reproducibility\n",
    "np.random.seed(40)"
   ]
  },
  {
   "cell_type": "code",
   "execution_count": 4,
   "id": "5f29a1d5-301c-4906-a1d0-a0fc5e7dab0c",
   "metadata": {},
   "outputs": [],
   "source": [
    "# Set Alpaca API key and secret\n",
    "APCA_API_KEY_ID = os.getenv(\"APCA_API_KEY\")\n",
    "APCA_API_SECRET_KEY = os.getenv(\"APCA_SECRET_KEY\")\n",
    "ALPACA_ENDPOINT_KEY = os.getenv(\"ALPACA_END_POINT\")\n",
    "\n",
    "#ensuring api keys are correct \n",
    "#print(os.getenv(\"APCA_API_KEY_ID\"))\n",
    "#print(os.getenv(\"APCA_API_SECRET_KEY\"))\n",
    "#print(os.getenv(\"ALPACA_ENDPOINT_KEY\"))\n",
    "\n",
    "# Create the Alpaca API object\n",
    "alpaca = tradeapi.REST(APCA_API_KEY_ID, APCA_API_SECRET_KEY, api_version=\"v2\",base_url= ALPACA_ENDPOINT_KEY)"
   ]
  },
  {
   "cell_type": "markdown",
   "id": "25c499e0-7c41-4450-8010-d58a446409c5",
   "metadata": {},
   "source": [
    "## Part 1 - Portfolio Optimization \n"
   ]
  },
  {
   "cell_type": "code",
   "execution_count": 5,
   "id": "432c91f0-8e13-4f25-830f-f38fad7018f6",
   "metadata": {},
   "outputs": [
    {
     "name": "stdout",
     "output_type": "stream",
     "text": [
      "The initial investment is: $10000\n",
      "The selected stocks are: ['AAPL', 'AMZN', 'MSFT']\n",
      "The start date is: 2020-11-08\n",
      "The start date is: 2020-11-08\n",
      "The number of monte carlo simulations is: 500\n"
     ]
    }
   ],
   "source": [
    "#initializing variables\n",
    "initial_investment = 10000\n",
    "print(f'The initial investment is: ${initial_investment}')\n",
    "\n",
    "stock_tickers = ['AAPL', 'AMZN', 'MSFT'] \n",
    "ticker_string = ', '.join(stock_tickers)\n",
    "print(f'The selected stocks are: {stock_tickers}')\n",
    "\n",
    "start_date = '2020-11-08'  # Set your desired start date\n",
    "print(f'The start date is: {start_date}')\n",
    "\n",
    "end_date = '2023-11-08'  # Set your desired start date\n",
    "print(f'The start date is: {start_date}')\n",
    "\n",
    "num_simulations = 500 \n",
    "print(f'The number of monte carlo simulations is: {num_simulations}')\n",
    "\n",
    "num_years = 3"
   ]
  },
  {
   "cell_type": "markdown",
   "id": "68eb5088-3638-4037-b357-0a77f71c2606",
   "metadata": {},
   "source": [
    "### Import S&P500 Data From Alpacas and Display Closing Prices From Chosen Stocks"
   ]
  },
  {
   "cell_type": "code",
   "execution_count": 6,
   "id": "5f77af5b-77d2-49a5-8252-fea9f77b5deb",
   "metadata": {},
   "outputs": [
    {
     "data": {
      "text/html": [
       "<div>\n",
       "<style scoped>\n",
       "    .dataframe tbody tr th:only-of-type {\n",
       "        vertical-align: middle;\n",
       "    }\n",
       "\n",
       "    .dataframe tbody tr th {\n",
       "        vertical-align: top;\n",
       "    }\n",
       "\n",
       "    .dataframe thead th {\n",
       "        text-align: right;\n",
       "    }\n",
       "</style>\n",
       "<table border=\"1\" class=\"dataframe\">\n",
       "  <thead>\n",
       "    <tr style=\"text-align: right;\">\n",
       "      <th></th>\n",
       "      <th>AAPL</th>\n",
       "      <th>AMZN</th>\n",
       "      <th>MSFT</th>\n",
       "    </tr>\n",
       "  </thead>\n",
       "  <tbody>\n",
       "    <tr>\n",
       "      <th>2020-11-09 05:00:00+00:00</th>\n",
       "      <td>116.32</td>\n",
       "      <td>3143.74</td>\n",
       "      <td>218.39</td>\n",
       "    </tr>\n",
       "    <tr>\n",
       "      <th>2020-11-10 05:00:00+00:00</th>\n",
       "      <td>116.00</td>\n",
       "      <td>3035.02</td>\n",
       "      <td>211.01</td>\n",
       "    </tr>\n",
       "    <tr>\n",
       "      <th>2020-11-11 05:00:00+00:00</th>\n",
       "      <td>119.49</td>\n",
       "      <td>3137.39</td>\n",
       "      <td>216.55</td>\n",
       "    </tr>\n",
       "    <tr>\n",
       "      <th>2020-11-12 05:00:00+00:00</th>\n",
       "      <td>119.21</td>\n",
       "      <td>3110.28</td>\n",
       "      <td>215.44</td>\n",
       "    </tr>\n",
       "    <tr>\n",
       "      <th>2020-11-13 05:00:00+00:00</th>\n",
       "      <td>119.26</td>\n",
       "      <td>3128.81</td>\n",
       "      <td>216.51</td>\n",
       "    </tr>\n",
       "    <tr>\n",
       "      <th>...</th>\n",
       "      <td>...</td>\n",
       "      <td>...</td>\n",
       "      <td>...</td>\n",
       "    </tr>\n",
       "    <tr>\n",
       "      <th>2023-11-02 04:00:00+00:00</th>\n",
       "      <td>177.57</td>\n",
       "      <td>138.07</td>\n",
       "      <td>348.32</td>\n",
       "    </tr>\n",
       "    <tr>\n",
       "      <th>2023-11-03 04:00:00+00:00</th>\n",
       "      <td>176.65</td>\n",
       "      <td>138.60</td>\n",
       "      <td>352.80</td>\n",
       "    </tr>\n",
       "    <tr>\n",
       "      <th>2023-11-06 05:00:00+00:00</th>\n",
       "      <td>179.23</td>\n",
       "      <td>139.74</td>\n",
       "      <td>356.53</td>\n",
       "    </tr>\n",
       "    <tr>\n",
       "      <th>2023-11-07 05:00:00+00:00</th>\n",
       "      <td>181.82</td>\n",
       "      <td>142.71</td>\n",
       "      <td>360.53</td>\n",
       "    </tr>\n",
       "    <tr>\n",
       "      <th>2023-11-08 05:00:00+00:00</th>\n",
       "      <td>182.89</td>\n",
       "      <td>142.08</td>\n",
       "      <td>363.20</td>\n",
       "    </tr>\n",
       "  </tbody>\n",
       "</table>\n",
       "<p>755 rows × 3 columns</p>\n",
       "</div>"
      ],
      "text/plain": [
       "                             AAPL     AMZN    MSFT\n",
       "2020-11-09 05:00:00+00:00  116.32  3143.74  218.39\n",
       "2020-11-10 05:00:00+00:00  116.00  3035.02  211.01\n",
       "2020-11-11 05:00:00+00:00  119.49  3137.39  216.55\n",
       "2020-11-12 05:00:00+00:00  119.21  3110.28  215.44\n",
       "2020-11-13 05:00:00+00:00  119.26  3128.81  216.51\n",
       "...                           ...      ...     ...\n",
       "2023-11-02 04:00:00+00:00  177.57   138.07  348.32\n",
       "2023-11-03 04:00:00+00:00  176.65   138.60  352.80\n",
       "2023-11-06 05:00:00+00:00  179.23   139.74  356.53\n",
       "2023-11-07 05:00:00+00:00  181.82   142.71  360.53\n",
       "2023-11-08 05:00:00+00:00  182.89   142.08  363.20\n",
       "\n",
       "[755 rows x 3 columns]"
      ]
     },
     "execution_count": 6,
     "metadata": {},
     "output_type": "execute_result"
    }
   ],
   "source": [
    "from urllib.parse import quote\n",
    "\n",
    "# Importing SP500 \n",
    "spy = [\"SPY\"]\n",
    "\n",
    "# Define the list of stock tickers, excluding SP500 initially\n",
    "tickersList = stock_tickers + ['SPY']\n",
    "\n",
    "# Set timeframe to '1D'\n",
    "timeframe = '1D'\n",
    "\n",
    "# Convert start_date and end_date to ISO format with New York timezone\n",
    "start_date = pd.Timestamp(start_date, tz='America/New_York').isoformat()\n",
    "end_date = pd.Timestamp(end_date, tz='America/New_York').isoformat()\n",
    "\n",
    "# Create an empty DataFrame to store the results for tickers\n",
    "df_combined_tickers = pd.DataFrame()\n",
    "\n",
    "# Make the request to Alpaca API for each ticker\n",
    "for ticker in tickersList:\n",
    "    # Convert the ticker to URL-encoded format\n",
    "    ticker_encoded = quote(ticker)\n",
    "    \n",
    "    # Make the request to Alpaca API to get bars data\n",
    "    df_ticker = alpaca.get_bars(ticker_encoded, timeframe, limit=None, start=start_date, end=end_date).df\n",
    "    \n",
    "    # Select only the 'close' column and assign the new column name with the ticker symbol for clarity purposes\n",
    "    df_ticker = df_ticker['close'].rename(ticker)\n",
    "    \n",
    "    # Combine the results\n",
    "    df_combined_tickers = pd.concat([df_combined_tickers, df_ticker], axis=1)\n",
    "    \n",
    "spyDF = df_combined_tickers['SPY']\n",
    "df_combined_tickers.drop(columns='SPY',inplace=True)\n",
    "\n",
    "# Display the results (closing prices for chosen tickers)\n",
    "df_combined_tickers"
   ]
  },
  {
   "cell_type": "markdown",
   "id": "38323bb1-111d-4183-8921-30e71b45076f",
   "metadata": {},
   "source": [
    "### Calculate Daily Return, Mean, Standard Deviation, and Last Day Closing Prices for selected tickers and SP500"
   ]
  },
  {
   "cell_type": "code",
   "execution_count": 10,
   "id": "3eafe8e3-9f11-4827-a2bd-670b128dc2dc",
   "metadata": {},
   "outputs": [
    {
     "name": "stdout",
     "output_type": "stream",
     "text": [
      "\n",
      "Daily Returns for Chosen Stocks:\n",
      "                               AAPL      AMZN      MSFT\n",
      "2020-11-10 05:00:00+00:00 -0.002751 -0.034583 -0.033793\n",
      "2020-11-11 05:00:00+00:00  0.030086  0.033730  0.026255\n",
      "2020-11-12 05:00:00+00:00 -0.002343 -0.008641 -0.005126\n",
      "2020-11-13 05:00:00+00:00  0.000419  0.005958  0.004967\n",
      "2020-11-16 05:00:00+00:00  0.008720  0.000719  0.003325\n",
      "...                             ...       ...       ...\n",
      "2023-11-02 04:00:00+00:00  0.020693  0.007810  0.006502\n",
      "2023-11-03 04:00:00+00:00 -0.005181  0.003839  0.012862\n",
      "2023-11-06 05:00:00+00:00  0.014605  0.008225  0.010573\n",
      "2023-11-07 05:00:00+00:00  0.014451  0.021254  0.011219\n",
      "2023-11-08 05:00:00+00:00  0.005885 -0.004415  0.007406\n",
      "\n",
      "[754 rows x 3 columns]\n",
      "AAPL mean: 0.0007580392192901268\n",
      "AMZN mean: -0.0011414444220746664\n",
      "MSFT mean: 0.0008290250824961204\n"
     ]
    }
   ],
   "source": [
    "# Calculate daily returns for all ticker's closing prices\n",
    "daily_returns_tickers = df_combined_tickers.pct_change()\n",
    "daily_returns_tickers.dropna(inplace=True)\n",
    "\n",
    "# Display daily returns for the tickers\n",
    "print(\"\\nDaily Returns for Chosen Stocks:\")\n",
    "print(daily_returns_tickers)\n",
    "\n",
    "mean = {} \n",
    "\n",
    "# Iterate through each stock in the list of tickers\n",
    "for stock in stock_tickers:\n",
    "    # Check if the stock exists in the daily returns columns\n",
    "    if stock in daily_returns_tickers.columns:\n",
    "        mean[stock] = daily_returns_tickers.mean()[stock]  # Calculate mean for the stock and store in the dictionary\n",
    "        print(f'{stock} mean: {mean[stock]}')  # Print the mean of daily returns for the stock"
   ]
  },
  {
   "cell_type": "code",
   "execution_count": 11,
   "id": "175b0d5a-7b46-4545-b9ea-457cd7244a20",
   "metadata": {},
   "outputs": [
    {
     "name": "stdout",
     "output_type": "stream",
     "text": [
      "\n",
      "Daily Returns for SPY:\n",
      "2020-11-10 05:00:00+00:00   -0.001523\n",
      "2020-11-11 05:00:00+00:00    0.007456\n",
      "2020-11-12 05:00:00+00:00   -0.009475\n",
      "2020-11-13 05:00:00+00:00    0.013471\n",
      "2020-11-16 05:00:00+00:00    0.012510\n",
      "                               ...   \n",
      "2023-11-02 04:00:00+00:00    0.019164\n",
      "2023-11-03 04:00:00+00:00    0.009123\n",
      "2023-11-06 05:00:00+00:00    0.002300\n",
      "2023-11-07 05:00:00+00:00    0.002846\n",
      "2023-11-08 05:00:00+00:00    0.000732\n",
      "Name: SPY, Length: 754, dtype: float64\n",
      "\n",
      "SPY mean:\n",
      "0.00033975975529095334\n"
     ]
    }
   ],
   "source": [
    "# Calculate and display daily returns for 'SPY'\n",
    "daily_returns_spy = spyDF.pct_change()\n",
    "daily_returns_spy.dropna(inplace=True)\n",
    "\n",
    "# Display daily returns for 'SPY'\n",
    "print(\"\\nDaily Returns for SPY:\")\n",
    "print(daily_returns_spy)\n",
    "\n",
    "# Calculate and display mean of daily return for 'SPY'\n",
    "mean_spy = daily_returns_spy.mean()\n",
    "print(\"\\nSPY mean:\")\n",
    "print(mean_spy)"
   ]
  },
  {
   "cell_type": "code",
   "execution_count": 12,
   "id": "9a0c1d66-bfc5-4218-a4d6-a5def5a88544",
   "metadata": {},
   "outputs": [
    {
     "name": "stdout",
     "output_type": "stream",
     "text": [
      "AAPL standard deviation: 0.0177839401327225\n",
      "AMZN standard deviation: 0.04183369731744983\n",
      "MSFT standard deviation: 0.017581619238321928\n"
     ]
    }
   ],
   "source": [
    "# Calculate and display standard deviation for each ticker\n",
    "std_devs = {}\n",
    "for stock in stock_tickers:\n",
    "    if stock in daily_returns_tickers.columns:\n",
    "        std_devs[stock] = daily_returns_tickers.std()[stock]\n",
    "        print(f'{stock} standard deviation: {std_devs[stock]}')"
   ]
  },
  {
   "cell_type": "code",
   "execution_count": 13,
   "id": "920a00a4-f778-48fd-959c-74df2e598759",
   "metadata": {},
   "outputs": [
    {
     "name": "stdout",
     "output_type": "stream",
     "text": [
      "\n",
      "Standard Deviation for SPY:\n",
      "0.011131185108019043\n"
     ]
    }
   ],
   "source": [
    "# Calculate and display standard deviation for 'SPY'\n",
    "std_dev_spy = daily_returns_spy.std()\n",
    "print(\"\\nStandard Deviation for SPY:\")\n",
    "print(std_dev_spy)"
   ]
  },
  {
   "cell_type": "code",
   "execution_count": 14,
   "id": "a8156723-ce25-4664-b5d9-0c9dae3824ac",
   "metadata": {},
   "outputs": [
    {
     "name": "stdout",
     "output_type": "stream",
     "text": [
      "\n",
      "Last Day's Closing Prices:\n",
      "AAPL    182.89\n",
      "AMZN    142.08\n",
      "MSFT    363.20\n",
      "Name: 2023-11-08 05:00:00+00:00, dtype: float64\n"
     ]
    }
   ],
   "source": [
    "# Get the last day's closing prices for each ticker\n",
    "last_day_closing_prices = df_combined_tickers.iloc[-1]\n",
    "\n",
    "# Display the last day's closing prices\n",
    "print(\"\\nLast Day's Closing Prices:\")\n",
    "print(last_day_closing_prices)\n"
   ]
  },
  {
   "cell_type": "code",
   "execution_count": 15,
   "id": "2f49f814-80ad-45f0-84f2-477c606eb138",
   "metadata": {},
   "outputs": [
    {
     "name": "stdout",
     "output_type": "stream",
     "text": [
      "\n",
      "Last Day's Closing Price for SPY:\n",
      "437.25\n"
     ]
    }
   ],
   "source": [
    "# Get the last day's closing price for 'SPY'\n",
    "spy_last_day_closing_price = spyDF.iloc[-1]\n",
    "print(\"\\nLast Day's Closing Price for SPY:\")\n",
    "print(spy_last_day_closing_price)"
   ]
  },
  {
   "cell_type": "markdown",
   "id": "81229d80-959e-40f5-a93c-9a6a9b337898",
   "metadata": {},
   "source": [
    "## Part 2 - Monte Carlo Simulations"
   ]
  },
  {
   "cell_type": "code",
   "execution_count": 26,
   "id": "6d2dd5fa-4d7d-423c-8c20-76e03b23aebe",
   "metadata": {},
   "outputs": [
    {
     "name": "stdout",
     "output_type": "stream",
     "text": [
      "[1.00000000e+00 1.11022302e-16 1.22124533e-15]\n",
      "[0.74187249 0.         0.25812751]\n",
      "[1.79977932e-01 1.90169061e-16 8.20022068e-01]\n",
      "[0.33107904 0.00968689 0.65923408]\n",
      "[0.2697555 0.        0.7302445]\n",
      "[0.55337287 0.         0.44662713]\n",
      "[1.29755956e-01 1.54206075e-15 8.70244044e-01]\n",
      "[0.50092461 0.         0.49907539]\n",
      "[0.24602366 0.17771648 0.57625986]\n",
      "[6.81110783e-01 2.28345634e-16 3.18889217e-01]\n",
      "[6.96903875e-01 1.19695920e-16 3.03096125e-01]\n",
      "[3.20491095e-01 1.94180609e-16 6.79508905e-01]\n",
      "[0.25010046 0.07813455 0.67176499]\n",
      "[5.55111512e-16 0.00000000e+00 1.00000000e+00]\n",
      "[0.4178062  0.06610128 0.51609252]\n",
      "[0.50054165 0.         0.49945835]\n",
      "[1.00000000e+00 6.38161399e-16 0.00000000e+00]\n",
      "[1.00000000e+00 0.00000000e+00 3.05311332e-16]\n",
      "[0.33239706 0.         0.66760294]\n",
      "[3.36886923e-01 3.50414142e-16 6.63113077e-01]\n",
      "[2.80680165e-01 1.06539126e-15 7.19319835e-01]\n",
      "[0.00000000e+00 8.32667268e-16 1.00000000e+00]\n",
      "[0.69829922 0.02205513 0.27964565]\n",
      "[3.29977718e-01 5.10169164e-14 6.70022282e-01]\n",
      "[5.55111512e-17 1.66533454e-16 1.00000000e+00]\n",
      "[0.38008199 0.         0.61991801]\n",
      "[6.45055168e-01 7.00394603e-16 3.54944832e-01]\n",
      "[0.26330265 0.         0.73669735]\n",
      "[5.38110583e-01 2.91975645e-16 4.61889417e-01]\n",
      "[0.54472726 0.         0.45527274]\n",
      "[1.77301074e-01 2.26164573e-16 8.22698926e-01]\n",
      "[0.45478631 0.         0.54521369]\n",
      "[7.03634157e-01 4.75220720e-14 2.96365843e-01]\n",
      "[5.28163885e-01 4.58281059e-12 4.71836115e-01]\n",
      "[0.48416647 0.02069544 0.49513809]\n",
      "[5.17371354e-01 5.36662728e-14 4.82628646e-01]\n",
      "[1.00000000e+00 0.00000000e+00 3.88578059e-16]\n",
      "[4.79645097e-01 6.75646605e-14 5.20354903e-01]\n",
      "[3.14863106e-01 1.51679884e-15 6.85136894e-01]\n",
      "[0.70374857 0.         0.29625143]\n",
      "[0.37646573 0.06822042 0.55531385]\n",
      "[0.3069 0.     0.6931]\n",
      "[4.84588740e-01 5.38534061e-15 5.15411260e-01]\n",
      "[0.52817167 0.04336165 0.42846667]\n",
      "[1.66533454e-16 0.00000000e+00 1.00000000e+00]\n",
      "[2.69867056e-02 4.61382235e-16 9.73013294e-01]\n",
      "[0.21136338 0.         0.78863662]\n",
      "[4.01308984e-01 6.14050002e-17 5.98691016e-01]\n",
      "[0.22048005 0.         0.77951995]\n",
      "[0.99626607 0.         0.00373393]\n",
      "[0.6203897 0.        0.3796103]\n",
      "[4.04103336e-02 4.53699578e-14 9.59589666e-01]\n",
      "[0.52399818 0.         0.47600182]\n",
      "[0.65025478 0.         0.34974522]\n",
      "[0.11545668 0.12719229 0.75735103]\n",
      "[0.33685596 0.15134833 0.51179572]\n",
      "[8.34389143e-01 9.92608773e-15 1.65610857e-01]\n",
      "[0.57233345 0.         0.42766655]\n",
      "[0.27301742 0.03329537 0.69368722]\n",
      "[0.36249475 0.         0.63750525]\n",
      "[0.61319561 0.07395991 0.31284447]\n",
      "[2.68328438e-01 3.00116154e-15 7.31671562e-01]\n",
      "[0.49014131 0.         0.50985869]\n",
      "[5.62072764e-01 2.20629858e-18 4.37927236e-01]\n",
      "[0.81313683 0.         0.18686317]\n",
      "[0.45717468 0.06060438 0.48222093]\n",
      "[0.85962754 0.         0.14037246]\n",
      "[1.99807842e-16 4.77270270e-01 5.22729730e-01]\n",
      "[4.98891754e-01 6.56800510e-14 5.01108246e-01]\n",
      "[0.45959135 0.         0.54040865]\n",
      "[0.39459927 0.08755899 0.51784174]\n",
      "[3.07913715e-01 1.23446175e-14 6.92086285e-01]\n",
      "[0.46342526 0.         0.53657474]\n",
      "[4.54094499e-01 1.88216900e-16 5.45905501e-01]\n",
      "[1.00000000e+00 5.55111512e-17 4.99600361e-16]\n",
      "[0.28356874 0.00587901 0.71055226]\n",
      "[5.30051115e-01 1.23646667e-15 4.69948885e-01]\n",
      "[0.42626886 0.         0.57373114]\n",
      "[0.5438906 0.        0.4561094]\n",
      "[4.21789029e-01 1.30104261e-18 5.78210971e-01]\n",
      "[5.93397138e-01 3.24388953e-14 4.06602862e-01]\n",
      "[0.67672516 0.32327484 0.        ]\n",
      "[0.28397593 0.         0.71602407]\n",
      "[1.00000000e+00 1.66533454e-16 5.55111512e-17]\n",
      "[0.46766333 0.         0.53233667]\n",
      "[5.78097720e-01 5.07298197e-16 4.21902280e-01]\n",
      "[4.14272681e-01 2.27476260e-16 5.85727319e-01]\n",
      "[3.75597059e-01 1.24336305e-15 6.24402941e-01]\n",
      "[0.43291275 0.         0.56708725]\n",
      "[0.69888153 0.15539177 0.1457267 ]\n",
      "[5.55111512e-17 0.00000000e+00 1.00000000e+00]\n",
      "[6.36248791e-01 1.34441069e-17 3.63751209e-01]\n",
      "[4.96038929e-01 9.56592758e-17 5.03961071e-01]\n",
      "[3.86705005e-01 9.61461813e-14 6.13294995e-01]\n",
      "[8.61848319e-01 2.01932655e-15 1.38151681e-01]\n",
      "[0.16737828 0.         0.83262172]\n",
      "[4.64678901e-01 5.35321099e-01 4.98732999e-18]\n",
      "[0.78078215 0.         0.21921785]\n",
      "[6.08565994e-01 3.95770531e-17 3.91434006e-01]\n",
      "[0.07385021 0.         0.92614979]\n"
     ]
    },
    {
     "name": "stderr",
     "output_type": "stream",
     "text": [
      "/var/folders/bk/8p802pg50f31n1clyfc4y7700000gn/T/ipykernel_38616/3501300517.py:29: PerformanceWarning: DataFrame is highly fragmented.  This is usually the result of calling `frame.insert` many times, which has poor performance.  Consider joining all columns at once using pd.concat(axis=1) instead.  To get a de-fragmented frame, use `newframe = frame.copy()`\n",
      "  simulated_prices_all[stock][x] = pd.Series(simulated_prices[stock])\n",
      "/var/folders/bk/8p802pg50f31n1clyfc4y7700000gn/T/ipykernel_38616/3501300517.py:80: PerformanceWarning: DataFrame is highly fragmented.  This is usually the result of calling `frame.insert` many times, which has poor performance.  Consider joining all columns at once using pd.concat(axis=1) instead.  To get a de-fragmented frame, use `newframe = frame.copy()`\n",
      "  monte_carlo[x] = (1+portfolio_daily_returns.fillna(0)).cumprod()\n",
      "/var/folders/bk/8p802pg50f31n1clyfc4y7700000gn/T/ipykernel_38616/3501300517.py:81: PerformanceWarning: DataFrame is highly fragmented.  This is usually the result of calling `frame.insert` many times, which has poor performance.  Consider joining all columns at once using pd.concat(axis=1) instead.  To get a de-fragmented frame, use `newframe = frame.copy()`\n",
      "  monte_carlo_spy[x] = (1+simulated_spy_dr.fillna(0)).cumprod()\n"
     ]
    },
    {
     "name": "stdout",
     "output_type": "stream",
     "text": [
      "[0.31008451 0.         0.68991549]\n",
      "[0. 0. 1.]\n",
      "[0.21772737 0.00584174 0.77643089]\n",
      "[0.67534105 0.32465895 0.        ]\n",
      "[1.00000000e+00 4.58660887e-14 0.00000000e+00]\n",
      "[7.16525295e-01 1.25767452e-16 2.83474705e-01]\n",
      "[2.42841184e-01 1.83126084e-14 7.57158816e-01]\n",
      "[6.30518619e-01 3.22192360e-15 3.69481381e-01]\n",
      "[6.14423078e-01 2.77555756e-17 3.85576922e-01]\n",
      "[5.02591030e-01 2.41878763e-16 4.97408970e-01]\n",
      "[5.65950419e-01 9.22063803e-14 4.34049581e-01]\n",
      "[5.20293471e-01 3.96983020e-16 4.79706529e-01]\n",
      "[3.26123174e-01 1.11672824e-16 6.73876826e-01]\n",
      "[0.50261211 0.         0.49738789]\n",
      "[1.00000000e+00 5.55111512e-17 5.55111512e-17]\n",
      "[0.23601178 0.         0.76398822]\n",
      "[5.46718670e-01 5.20417043e-18 4.53281330e-01]\n",
      "[0.40591572 0.         0.59408428]\n",
      "[2.77555756e-17 2.60208521e-17 1.00000000e+00]\n",
      "[1.52287921e-01 5.39932682e-16 8.47712079e-01]\n",
      "[3.67358104e-01 7.29342801e-16 6.32641896e-01]\n",
      "[0.84348422 0.         0.15651578]\n",
      "[2.52813251e-01 4.22155800e-14 7.47186749e-01]\n",
      "[0.51299732 0.         0.48700268]\n",
      "[0.46712155 0.         0.53287845]\n",
      "[0.56539976 0.07407723 0.36052301]\n",
      "[0.68474371 0.         0.31525629]\n",
      "[0.53664827 0.12288682 0.34046492]\n",
      "[6.21384236e-01 2.39608680e-17 3.78615764e-01]\n",
      "[0.61853629 0.07085776 0.31060596]\n",
      "[0.6723495  0.00288446 0.32476604]\n",
      "[0.45485301 0.         0.54514699]\n",
      "[0.59517615 0.         0.40482385]\n",
      "[0.48876974 0.02789548 0.48333478]\n",
      "[0.64044086 0.         0.35955914]\n",
      "[0.3775578  0.02494289 0.5974993 ]\n",
      "[7.72797700e-01 2.27202300e-01 1.30104261e-18]\n",
      "[3.66042102e-01 5.89805982e-17 6.33957898e-01]\n",
      "[0.06161921 0.         0.93838079]\n",
      "[0.         0.07967655 0.92032345]\n",
      "[0.84042884 0.06905346 0.0905177 ]\n",
      "[9.49417176e-01 5.05828238e-02 3.19839641e-17]\n",
      "[1.77164505e-01 3.91017514e-16 8.22835495e-01]\n",
      "[1.00000000e+00 0.00000000e+00 5.55111512e-17]\n",
      "[0. 0. 1.]\n",
      "[1.00000000e+00 1.66533454e-16 0.00000000e+00]\n",
      "[2.8291873e-01 1.2468325e-17 7.1708127e-01]\n",
      "[0.87403456 0.         0.12596544]\n",
      "[4.31035180e-01 3.89085378e-04 5.68575735e-01]\n",
      "[5.29162858e-01 6.25547249e-14 4.70837142e-01]\n",
      "[3.45701175e-01 1.67544604e-16 6.54298825e-01]\n",
      "[3.62309791e-01 5.28006458e-17 6.37690209e-01]\n",
      "[6.11767016e-01 2.81892565e-18 3.88232984e-01]\n",
      "[0.00000000e+00 6.81366855e-16 1.00000000e+00]\n",
      "[0.         0.77232414 0.22767586]\n",
      "[7.80523149e-01 2.04894695e-14 2.19476851e-01]\n",
      "[3.70200750e-01 1.85788884e-15 6.29799250e-01]\n",
      "[4.40604696e-01 3.18758258e-13 5.59395304e-01]\n",
      "[3.20636005e-01 3.91180144e-16 6.79363995e-01]\n",
      "[0.10943122 0.02893561 0.86163317]\n",
      "[0.22272051 0.         0.77727949]\n",
      "[5.01975778e-01 9.08003897e-17 4.98024222e-01]\n",
      "[0.39839121 0.         0.60160879]\n",
      "[0.19300681 0.         0.80699319]\n",
      "[0.26906544 0.         0.73093456]\n",
      "[0.26627377 0.         0.73372623]\n",
      "[0.70158521 0.         0.29841479]\n",
      "[0.28724092 0.         0.71275908]\n",
      "[3.54391692e-01 1.48535698e-17 6.45608308e-01]\n",
      "[2.25376378e-01 1.14375198e-15 7.74623622e-01]\n",
      "[4.39520329e-01 2.12883097e-15 5.60479671e-01]\n",
      "[4.03189806e-02 2.52056514e-13 9.59681019e-01]\n",
      "[0.63025572 0.         0.36974428]\n",
      "[4.02059137e-01 1.63772806e-17 5.97940863e-01]\n",
      "[0.39357995 0.         0.60642005]\n",
      "[1.00000000e+00 6.27276009e-15 0.00000000e+00]\n",
      "[7.20289005e-01 3.81509060e-15 2.79710995e-01]\n",
      "[0.49788719 0.00527102 0.49684179]\n",
      "[0.64116611 0.         0.35883389]\n",
      "[2.35624178e-02 2.29850861e-17 9.76437582e-01]\n",
      "[6.92998619e-01 4.76399736e-13 3.07001381e-01]\n",
      "[7.89913450e-02 3.44412546e-12 9.21008655e-01]\n",
      "[2.15335400e-02 2.03830008e-16 9.78466460e-01]\n",
      "[8.31174668e-01 2.54787511e-16 1.68825332e-01]\n",
      "[0.37867852 0.0085196  0.61280188]\n",
      "[6.97694221e-01 4.67872269e-13 3.02305779e-01]\n",
      "[5.05653490e-01 3.90312782e-17 4.94346510e-01]\n",
      "[0.2334972  0.19114685 0.57535595]\n",
      "[1.34855575e-01 9.42654158e-15 8.65144425e-01]\n",
      "[0.00000000e+00 2.08583151e-14 1.00000000e+00]\n",
      "[5.23891284e-01 5.83595879e-15 4.76108716e-01]\n",
      "[0.3477846 0.        0.6522154]\n",
      "[0.80339653 0.01833153 0.17827194]\n",
      "[6.45317133e-16 0.00000000e+00 1.00000000e+00]\n",
      "[6.02351362e-01 1.78450934e-12 3.97648638e-01]\n",
      "[9.50320792e-01 4.96792080e-02 1.19262239e-18]\n",
      "[0.16011755 0.13696225 0.7029202 ]\n",
      "[2.76393347e-01 7.52618454e-14 7.23606653e-01]\n",
      "[0.45234691 0.         0.54765309]\n",
      "[0.33951644 0.         0.66048356]\n",
      "[0.64142621 0.         0.35857379]\n",
      "[3.53991365e-01 5.13911830e-17 6.46008635e-01]\n",
      "[0.09270997 0.         0.90729003]\n",
      "[0.5097081 0.        0.4902919]\n",
      "[1.68565388e-17 3.67631374e-01 6.32368626e-01]\n",
      "[6.59976971e-01 1.11157828e-16 3.40023029e-01]\n",
      "[0.42440959 0.         0.57559041]\n",
      "[4.06814074e-01 7.40696318e-18 5.93185926e-01]\n",
      "[1.58759882e-01 1.01102666e-14 8.41240118e-01]\n",
      "[1. 0. 0.]\n",
      "[3.33066907e-16 0.00000000e+00 1.00000000e+00]\n",
      "[0.56391759 0.         0.43608241]\n",
      "[6.24291498e-01 5.08485398e-15 3.75708502e-01]\n",
      "[0.34800727 0.24142835 0.41056438]\n",
      "[0.43621714 0.06149085 0.50229201]\n",
      "[0.72225068 0.         0.27774932]\n",
      "[0.53853931 0.05348582 0.40797487]\n",
      "[4.42212524e-01 9.26686316e-16 5.57787476e-01]\n",
      "[0.42916094 0.         0.57083906]\n",
      "[0.41050482 0.25984475 0.32965043]\n",
      "[0.57305871 0.         0.42694129]\n",
      "[3.96878795e-01 3.57653360e-14 6.03121205e-01]\n",
      "[3.47588123e-01 5.85469173e-18 6.52411877e-01]\n",
      "[0.35957771 0.06033608 0.58008621]\n",
      "[0.49629666 0.06601904 0.4376843 ]\n",
      "[5.04135890e-01 1.35586866e-17 4.95864110e-01]\n",
      "[0.53998396 0.11476851 0.34524753]\n",
      "[0.64057627 0.         0.35942373]\n",
      "[4.34538042e-01 9.54097912e-17 5.65461958e-01]\n",
      "[6.21373198e-01 5.30825384e-16 3.78626802e-01]\n",
      "[0.73116447 0.01631327 0.25252226]\n",
      "[0.50230357 0.00974945 0.48794699]\n",
      "[8.27531924e-01 1.46061201e-16 1.72468076e-01]\n",
      "[7.32275389e-01 6.65537504e-16 2.67724611e-01]\n",
      "[0.28865924 0.         0.71134076]\n",
      "[1.70516840e-01 7.35587806e-15 8.29483160e-01]\n",
      "[0.26552725 0.21571212 0.51876063]\n",
      "[0.75364864 0.         0.24635136]\n",
      "[2.46948593e-01 4.13394362e-14 7.53051407e-01]\n",
      "[0.84663064 0.         0.15336936]\n",
      "[4.93688308e-01 2.48989631e-13 5.06311692e-01]\n",
      "[0.32322465 0.         0.67677535]\n",
      "[2.51399973e-01 2.55504580e-12 7.48600027e-01]\n",
      "[7.49391771e-01 1.48678812e-14 2.50608229e-01]\n",
      "[1.44441894e-02 5.74627151e-18 9.85555811e-01]\n",
      "[6.36156568e-01 1.27502175e-16 3.63843432e-01]\n",
      "[0. 0. 1.]\n",
      "[0.32978907 0.08894283 0.58126809]\n",
      "[0.01032901 0.         0.98967099]\n",
      "[0.32247002 0.         0.67752998]\n",
      "[0.48782557 0.         0.51217443]\n",
      "[4.62507168e-01 2.96946280e-16 5.37492832e-01]\n",
      "[0.25046487 0.         0.74953513]\n",
      "[6.62869480e-01 1.99754835e-14 3.37130520e-01]\n",
      "[5.03466355e-03 4.56166138e-14 9.94965336e-01]\n",
      "[0.42257561 0.         0.57742439]\n",
      "[4.49386180e-01 5.67124472e-15 5.50613820e-01]\n",
      "[0.40460882 0.05387327 0.54151791]\n",
      "[7.52785753e-01 1.55257751e-16 2.47214247e-01]\n",
      "[1.27312053e-01 1.89946800e-13 8.72687947e-01]\n",
      "[1.00000000e+00 6.10622664e-16 0.00000000e+00]\n",
      "[4.66650607e-01 2.30493151e-15 5.33349393e-01]\n",
      "[0. 0. 1.]\n",
      "[0.35493014 0.07207357 0.57299629]\n",
      "[0.37603755 0.         0.62396245]\n",
      "[1.39182839e-01 1.51788304e-16 8.60817161e-01]\n",
      "[0.32519854 0.05493146 0.61987   ]\n",
      "[4.00007639e-01 1.81135186e-16 5.99992361e-01]\n",
      "[5.04880114e-01 3.23634348e-15 4.95119886e-01]\n",
      "[0.         0.09569318 0.90430682]\n",
      "[0.26625693 0.         0.73374307]\n",
      "[1.24413045e-01 8.58688121e-17 8.75586955e-01]\n",
      "[7.22729697e-01 4.50612041e-13 2.77270303e-01]\n",
      "[6.81403305e-01 8.67361738e-19 3.18596695e-01]\n",
      "[4.14020833e-01 7.77589798e-16 5.85979167e-01]\n",
      "[0.42502068 0.         0.57497932]\n",
      "[5.38831583e-01 2.52185425e-16 4.61168417e-01]\n",
      "[0.37788283 0.15540522 0.46671195]\n",
      "[2.80115738e-02 7.80625564e-17 9.71988426e-01]\n",
      "[1.00000000e+00 0.00000000e+00 1.39789569e-12]\n",
      "[3.26556693e-01 1.19262239e-17 6.73443307e-01]\n",
      "[2.34617731e-17 1.00000000e+00 5.55111512e-17]\n",
      "[0.0314808 0.        0.9685192]\n",
      "[2.25941767e-01 2.05889993e-14 7.74058233e-01]\n",
      "[0.51763613 0.01492163 0.46744224]\n",
      "[0.36649988 0.10248879 0.53101133]\n",
      "[1.11022302e-16 2.22044605e-16 1.00000000e+00]\n",
      "[0.40461912 0.33780177 0.25757911]\n",
      "[0.53001987 0.10459268 0.36538746]\n",
      "[5.00907477e-01 7.34749332e-16 4.99092523e-01]\n",
      "[0.44873715 0.02823066 0.52303219]\n",
      "[2.28158015e-01 8.09321573e-16 7.71841985e-01]\n",
      "[4.02132620e-01 3.02914989e-18 5.97867380e-01]\n",
      "[0.21275084 0.         0.78724916]\n",
      "[2.13722858e-01 3.29508393e-13 7.86277142e-01]\n",
      "[4.87742498e-01 8.43242958e-17 5.12257502e-01]\n",
      "[5.67182859e-01 2.54245409e-17 4.32817141e-01]\n",
      "[0.04639399 0.06920328 0.88440273]\n",
      "[0.82164347 0.06695781 0.11139872]\n",
      "[0.35595812 0.         0.64404188]\n",
      "[3.21762088e-01 1.38127357e-16 6.78237912e-01]\n",
      "[0.06465518 0.         0.93534482]\n",
      "[3.71957458e-17 1.00000000e+00 0.00000000e+00]\n",
      "[4.58569125e-01 3.86409654e-15 5.41430875e-01]\n",
      "[8.18824137e-18 1.05645353e-01 8.94354647e-01]\n",
      "[0.47101073 0.         0.52898927]\n",
      "[5.39717664e-01 1.52181327e-14 4.60282336e-01]\n",
      "[4.09792626e-01 6.23206990e-16 5.90207374e-01]\n",
      "[8.74480203e-01 1.89952221e-16 1.25519797e-01]\n",
      "[7.97910850e-01 8.87455781e-17 2.02089150e-01]\n",
      "[3.95440483e-01 9.04820923e-16 6.04559517e-01]\n",
      "[0.49009937 0.14626709 0.36363354]\n",
      "[4.99749761e-01 1.50104074e-15 5.00250239e-01]\n",
      "[6.47509543e-01 1.35517942e-12 3.52490457e-01]\n",
      "[4.05935814e-01 4.42354486e-17 5.94064186e-01]\n",
      "[0.056142 0.       0.943858]\n",
      "[8.23149786e-01 8.60856525e-16 1.76850214e-01]\n",
      "[5.22431271e-01 9.28480325e-17 4.77568729e-01]\n",
      "[0.00000000e+00 4.99600361e-16 1.00000000e+00]\n",
      "[0.75930495 0.00355521 0.23713984]\n",
      "[0.33831848 0.01760873 0.6440728 ]\n",
      "[2.01809967e-01 4.73135135e-16 7.98190033e-01]\n",
      "[2.74986870e-01 2.82466758e-13 7.25013130e-01]\n",
      "[0.52855525 0.         0.47144475]\n",
      "[0.50830934 0.37569355 0.11599711]\n",
      "[7.08422148e-01 6.50521303e-17 2.91577852e-01]\n",
      "[0.31730209 0.05020922 0.63248868]\n",
      "[0.43339294 0.         0.56660706]\n",
      "[6.42800453e-17 2.45360007e-01 7.54639993e-01]\n",
      "[7.52374767e-01 1.23056947e-17 2.47625233e-01]\n",
      "[3.61427213e-01 4.28400804e-15 6.38572787e-01]\n",
      "[0.49694871 0.         0.50305129]\n",
      "[0.41032818 0.19352489 0.39614693]\n",
      "[0.15124304 0.         0.84875696]\n",
      "[5.10581803e-01 1.14710335e-15 4.89418197e-01]\n",
      "[0.39891807 0.         0.60108193]\n",
      "[0.36544448 0.         0.63455552]\n",
      "[0.14672866 0.         0.85327134]\n",
      "[0.57070666 0.1325725  0.29672083]\n",
      "[4.11152776e-01 2.08080081e-15 5.88847224e-01]\n",
      "[0.40073219 0.13237855 0.46688926]\n",
      "[1.0000000e+00 0.0000000e+00 4.4408921e-16]\n",
      "[0.39317951 0.0089914  0.59782908]\n",
      "[0.23402642 0.         0.76597358]\n",
      "[0.27368644 0.         0.72631356]\n",
      "[0.4073816  0.13148187 0.46113652]\n",
      "[0.68649431 0.10225692 0.21124878]\n",
      "[0.53108045 0.02969122 0.43922833]\n",
      "[5.15585440e-01 3.74358362e-17 4.84414560e-01]\n",
      "[2.55070617e-01 5.05238212e-17 7.44929383e-01]\n",
      "[0.64681867 0.         0.35318133]\n",
      "[0.30246226 0.         0.69753774]\n",
      "[7.41814859e-01 1.30159208e-12 2.58185141e-01]\n",
      "[0.29958614 0.         0.70041386]\n",
      "[0.220165 0.       0.779835]\n",
      "[0.23564106 0.         0.76435894]\n",
      "[2.24968004e-01 1.88242954e-12 7.75031996e-01]\n",
      "[0.2497223 0.        0.7502777]\n",
      "[1.92296268e-16 1.00000000e+00 0.00000000e+00]\n",
      "[0.32639275 0.02977007 0.64383718]\n",
      "[1.70760084e-01 4.08379439e-14 8.29239916e-01]\n",
      "[1.86631219e-01 3.28469890e-15 8.13368781e-01]\n",
      "[7.79164941e-01 4.33680869e-17 2.20835059e-01]\n",
      "[0.6901852  0.15400095 0.15581385]\n",
      "[1.00000000e+00 9.71445147e-17 0.00000000e+00]\n",
      "[2.16850091e-01 2.86524493e-13 7.83149909e-01]\n",
      "[4.37089332e-01 1.44198889e-17 5.62910668e-01]\n",
      "[1.00000000e+00 0.00000000e+00 5.96744876e-16]\n",
      "[0.14452114 0.         0.85547886]\n",
      "[0.71967609 0.07420856 0.20611535]\n",
      "[1.08303816e-01 9.97444315e-15 8.91696184e-01]\n",
      "[0.00000000e+00 3.94129174e-15 1.00000000e+00]\n",
      "[0.56801571 0.08252245 0.34946184]\n",
      "[1.00000000e+00 4.96564595e-16 0.00000000e+00]\n",
      "[4.36428981e-01 9.69081601e-17 5.63571019e-01]\n",
      "[0.3460577  0.07725504 0.57668726]\n",
      "[0.42837422 0.15077235 0.42085343]\n",
      "[1.00000000e+00 0.00000000e+00 4.99600361e-16]\n",
      "[3.28871127e-01 8.30328861e-13 6.71128873e-01]\n",
      "[1.04297878e-01 5.57323285e-15 8.95702122e-01]\n",
      "[0.61002948 0.         0.38997052]\n",
      "[0.75851885 0.         0.24148115]\n",
      "[0.40044244 0.16319407 0.43636349]\n",
      "[0.53726177 0.04946263 0.4132756 ]\n",
      "[4.67763592e-01 5.03067877e-15 5.32236408e-01]\n",
      "[0.46880166 0.         0.53119834]\n",
      "[3.62281280e-01 4.54454183e-15 6.37718720e-01]\n",
      "[0.         0.06397787 0.93602213]\n",
      "[0.00000000e+00 5.55111512e-17 1.00000000e+00]\n",
      "[4.83271690e-01 2.19954352e-18 5.16728310e-01]\n",
      "[0.00000000e+00 4.99600361e-16 1.00000000e+00]\n",
      "[0.68437367 0.         0.31562633]\n",
      "[1.10379073e-01 7.94467140e-13 8.89620927e-01]\n",
      "[0.52893987 0.         0.47106013]\n",
      "[1.00000000e+00 1.52586277e-14 0.00000000e+00]\n",
      "[5.53824813e-01 2.56672450e-15 4.46175187e-01]\n",
      "[2.91666839e-01 7.64044977e-16 7.08333161e-01]\n",
      "[1.00000000e+00 2.77555756e-16 5.55111512e-17]\n",
      "[0.45794527 0.00283873 0.539216  ]\n",
      "[5.61845115e-01 8.28452949e-17 4.38154885e-01]\n",
      "[0.45433968 0.         0.54566032]\n",
      "[3.51652753e-01 1.32272665e-17 6.48347247e-01]\n",
      "[8.58421740e-01 3.33500588e-16 1.41578260e-01]\n",
      "[1.04880824e-01 3.43041567e-16 8.95119176e-01]\n",
      "[0.90708587 0.         0.09291413]\n",
      "[0.65165722 0.         0.34834278]\n",
      "[0.00313274 0.         0.99686726]\n",
      "[3.74700271e-16 4.08700851e-15 1.00000000e+00]\n",
      "[0.46908237 0.         0.53091763]\n",
      "[0. 0. 1.]\n",
      "[2.99033790e-01 2.45897053e-16 7.00966210e-01]\n",
      "[1.75877072e-01 6.89552582e-17 8.24122928e-01]\n",
      "[0.90454795 0.         0.09545205]\n",
      "[1. 0. 0.]\n",
      "[0.39794352 0.         0.60205648]\n",
      "[0.73326623 0.         0.26673377]\n",
      "[1. 0. 0.]\n",
      "[7.48920512e-01 1.31405303e-16 2.51079488e-01]\n",
      "[0.44667947 0.         0.55332053]\n",
      "[0.32847502 0.         0.67152498]\n",
      "[0.31017238 0.         0.68982762]\n",
      "[1.17097747e-01 2.24552365e-14 8.82902253e-01]\n",
      "[4.99744740e-01 1.40592961e-15 5.00255260e-01]\n",
      "[0.32327374 0.06690948 0.60981678]\n",
      "[0.0000000e+00 1.5548977e-14 1.0000000e+00]\n",
      "[0.55061717 0.         0.44938283]\n",
      "[3.86256685e-01 2.26652190e-16 6.13743315e-01]\n",
      "[0.28902314 0.         0.71097686]\n",
      "[0.51230975 0.43834413 0.04934612]\n",
      "[6.14463324e-01 8.97940576e-14 3.85536676e-01]\n",
      "[0.79982534 0.17166021 0.02851445]\n",
      "[2.48895994e-17 9.02056208e-17 1.00000000e+00]\n",
      "[0.6368573 0.        0.3631427]\n",
      "[0.00000000e+00 8.06646416e-16 1.00000000e+00]\n",
